                     geoid_2020                  Year year               prowhite               problack            prohispanic          f_m_sexratio     pctYoungMale1524
nbr.val       1.42324000000e+05 142324.00000000000000   NA 142324.000000000000000 142324.000000000000000 142324.000000000000000 142324.00000000000000 142324.0000000000000
nbr.null      0.00000000000e+00      0.00000000000000   NA   1276.000000000000000   5667.000000000000000   2854.000000000000000    289.00000000000000   1026.0000000000000
nbr.na        0.00000000000e+00      0.00000000000000   NA      0.000000000000000      0.000000000000000      0.000000000000000      0.00000000000000      0.0000000000000
min          5.30132487394e-315      1.00000000000000   NA      0.000000000000000      0.000000000000000      0.000000000000000      0.00000000000000      0.0000000000000
max          2.72131258916e-313      7.00000000000000   NA      1.000000000000000      1.000000000000000      1.000000000000000      9.25000000000000    100.0000000000000
range        2.66829934042e-313      6.00000000000000   NA      1.000000000000000      1.000000000000000      1.000000000000000      9.25000000000000    100.0000000000000
sum          1.94020805477e-308 569296.00000000000000   NA  58158.886738134933694  29759.266119612482726  36351.069447738736926 150393.97813542647054 979354.2001975737512
median       1.58115845012e-313      4.00000000000000   NA      0.396441754855569      0.081587343541725      0.151435343692389      1.04315618106730      6.1956107616425
mean         1.36323322474e-313      4.00000000000000   NA      0.408637241351669      0.209095206146627      0.255410678787406      1.05670145678471      6.8811598900928
SE.mean       0.00000000000e+00      0.00530142291394   NA      0.000769751304257      0.000721802520144      0.000681401189111      0.00059554913541      0.0131480828813
CI.mean.0.95  0.00000000000e+00      0.01039068634417   NA      0.001508697663889      0.001414718974697      0.001335533147521      0.00116726478326      0.0257699880701
var           0.00000000000e+00      4.00002810508491   NA      0.084329399528368      0.074150644324776      0.066082112090236      0.05047930164401     24.6038464054126
std.dev       0.00000000000e+00      2.00000702625889   NA      0.290395247082950      0.272306159175249      0.257064412337133      0.22467599258490      4.9602264469894
coef.var      0.00000000000e+00      0.50000175656472   NA      0.710643127196130      1.302307040862027      1.006474801905615      0.21262012192974      0.7208416206301
                    pctLivingAlone         PublicAssist              totalpop            RentBurden                  CDIS            total15_22            total16_22
nbr.val       142324.0000000000000 142324.0000000000000    142324.00000000000  142324.0000000000000  142324.0000000000000 142324.00000000000000 142324.00000000000000
nbr.null         438.0000000000000  16746.0000000000000      1092.00000000000    1177.0000000000000     727.0000000000000  97492.00000000000000  95407.00000000000000
nbr.na             0.0000000000000      0.0000000000000         0.00000000000       0.0000000000000       0.0000000000000      0.00000000000000      0.00000000000000
min                0.0000000000000      0.0000000000000         0.00000000000       0.0000000000000       0.0000000000000      0.00000000000000      0.00000000000000
max              100.0000000000000    100.0000000000000     72041.00000000000     100.0000000000000      67.3333333333334    107.00000000000000    107.00000000000000
range            100.0000000000000    100.0000000000000     72041.00000000000     100.0000000000000      67.3333333333334    107.00000000000000    107.00000000000000
sum          4413159.4590755254030 745968.1534226462245 626116633.00000000000 6815337.1677275598049 1795125.6027908639517 149493.00000000000000 160502.00000000000000
median            29.6257886886597      2.6070141792297      4002.00000000000      48.4931488037109      10.8605117797851      0.00000000000000      0.00000000000000
mean              31.0078374629404      5.2413377464282      4399.23437368258      47.8860709910315      12.6129507517415      1.05037098451421      1.12772266097074
SE.mean            0.0379794610729      0.0210146130061         6.82229286385       0.0394874761977       0.0202802896950      0.00704239499528      0.00735142264118
CI.mean.0.95       0.0744390089104      0.0411882349202        13.37156202156       0.0773946893793       0.0397489754375      0.01380295794084      0.01440864614802
var              205.2937541870144     62.8522652142687   6624282.70094782300     221.9202307492096      58.5364593248510      7.05860535831888      7.69167497501369
std.dev           14.3280757321775      7.9279420541695      2573.76819098920      14.8969873044589       7.6509123197728      2.65680359799494      2.77338691404818
coef.var           0.4620791678653      1.5125798866085         0.58504911818       0.3110922862569       0.6065917857260      2.52939545852336      2.45928100057939
                     GunS_Open15_22         GunS_Open15_21       GunS_Closed15_22       GunS_Closed15_21           total17_22            total18_22
nbr.val      142324.000000000000000 142324.000000000000000 142324.000000000000000 142324.000000000000000 121992.0000000000000 101660.00000000000000
nbr.null     136925.000000000000000 136925.000000000000000 137558.000000000000000 137558.000000000000000  80983.0000000000000  66636.00000000000000
nbr.na            0.000000000000000      0.000000000000000      0.000000000000000      0.000000000000000  20332.0000000000000  40664.00000000000000
min               0.000000000000000      0.000000000000000      0.000000000000000      0.000000000000000      0.0000000000000      0.00000000000000
max               1.000000000000000      1.000000000000000      1.000000000000000      1.000000000000000     76.0000000000000     76.00000000000000
range             1.000000000000000      1.000000000000000      1.000000000000000      1.000000000000000     76.0000000000000     76.00000000000000
sum            5399.000000000000000   5399.000000000000000   4766.000000000000000   4766.000000000000000 141290.0000000000000 122361.00000000000000
median            0.000000000000000      0.000000000000000      0.000000000000000      0.000000000000000      0.0000000000000      0.00000000000000
mean              0.037934571822040      0.037934571822040      0.033486973384672      0.033486973384672      1.1581907010296      1.20362974621287
SE.mean           0.000506386772377      0.000506386772377      0.000476874675301      0.000476874675301      0.0080171164305      0.00900763391263
CI.mean.0.95      0.000992508276743      0.000992508276743      0.000934665137448      0.000934665137448      0.0157134153683      0.01765484825546
var               0.036495796510282      0.036495796510282      0.032365823407662      0.032365823407662      7.8409328216961      8.24843506845088
std.dev           0.191038730393294      0.191038730393294      0.179905039972931      0.179905039972931      2.8001665703483      2.87200889073326
coef.var          5.036005976013178      5.036005976013178      5.372388776564711      5.372388776564711      2.4177076951655      2.38612322416410
               nbr.val               nbr.null                 nbr.na                    min                    max                  range                    sum 
121992.000000000000000 119066.000000000000000      0.000000000000000      0.000000000000000      1.000000000000000      1.000000000000000   2926.000000000000000 
                median                   mean                SE.mean           CI.mean.0.95                    var                std.dev               coef.var 
     0.000000000000000      0.023985179356023      0.000438062215937      0.000858594684988      0.023410082425788      0.153003537298285      6.379086644597546 
               nbr.val               nbr.null                 nbr.na                    min                    max                  range                    sum 
121992.000000000000000 117924.000000000000000      0.000000000000000      0.000000000000000      1.000000000000000      1.000000000000000   4068.000000000000000 
                median                   mean                SE.mean           CI.mean.0.95                    var                std.dev               coef.var 
     0.000000000000000      0.033346448947472      0.000514039303034      0.001007508516834      0.032234727526471      0.179540322842727      5.384091215395767 
               nbr.val               nbr.null                 nbr.na                    min                    max                  range                    sum 
101660.000000000000000  99426.000000000000000      0.000000000000000      0.000000000000000      1.000000000000000      1.000000000000000   2234.000000000000000 
                median                   mean                SE.mean           CI.mean.0.95                    var                std.dev               coef.var 
     0.000000000000000      0.021975211489278      0.000459799554572      0.000901201296882      0.021492512984910      0.146603250253567      6.671300994081277 
               nbr.val               nbr.null                 nbr.na                    min                    max                  range                    sum 
101660.000000000000000 100132.000000000000000      0.000000000000000      0.000000000000000      1.000000000000000      1.000000000000000   1528.000000000000000 
                median                   mean                SE.mean           CI.mean.0.95                    var                std.dev               coef.var 
     0.000000000000000      0.015030493802872      0.000381614704247      0.000747959981598      0.014804723688697      0.121674663298061      8.095187350052965 
