                     geoid_2020                  Year year               prowhite               problack            prohispanic
nbr.val       1.62656000000e+05 162656.00000000000000   NA 162656.000000000000000 162656.000000000000000 162656.000000000000000
nbr.null      0.00000000000e+00      0.00000000000000   NA   1523.000000000000000   6709.000000000000000   3293.000000000000000
nbr.na        0.00000000000e+00      0.00000000000000   NA      0.000000000000000      0.000000000000000      0.000000000000000
min          5.30132487394e-315      1.00000000000000   NA      0.000000000000000      0.000000000000000      0.000000000000000
max          2.72131258916e-313      8.00000000000000   NA      1.000000000000000      1.000000000000000      1.000000000000000
range        2.66829934042e-313      7.00000000000000   NA      1.000000000000000      1.000000000000000      1.000000000000000
sum          2.21738063402e-308 731952.00000000000000   NA  66143.937441667934763  33888.737696871416119  41719.819970679687685
median       1.58115845012e-313      4.50000000000000   NA      0.393452729813638      0.081524862346269      0.152764062797011
mean         1.36323322474e-313      4.50000000000000   NA      0.406649231763156      0.208346065911318      0.256491122188420
SE.mean       0.00000000000e+00      0.00568127671443   NA      0.000717269773754      0.000672474493377      0.000637670860727
CI.mean.0.95  0.00000000000e+00      0.01113518060670   NA      0.001405833384984      0.001318035595438      0.001249821221309
var           0.00000000000e+00      5.25003227690511   NA      0.083682596600206      0.073556612562723      0.066139853939508
std.dev       0.00000000000e+00      2.29129489086523   NA      0.289279443791303      0.271213223428953      0.257176697893701
coef.var      0.00000000000e+00      0.50917664241450   NA      0.711373393076487      1.301743914590608      1.002672902279934
                       f_m_sexratio      pctYoungMale1524        pctLivingAlone         PublicAssist               totalpop
nbr.val      162656.000000000000000  162656.0000000000000  162656.0000000000000 162656.0000000000000    162656.000000000000
nbr.null        351.000000000000000    1297.0000000000000     537.0000000000000  19859.0000000000000      1327.000000000000
nbr.na            0.000000000000000       0.0000000000000       0.0000000000000      0.0000000000000         0.000000000000
min               0.000000000000000       0.0000000000000       0.0000000000000      0.0000000000000         0.000000000000
max              20.500000000000000     100.0000000000000     100.0000000000000    100.0000000000000     72041.000000000000
range            20.500000000000000     100.0000000000000     100.0000000000000    100.0000000000000     72041.000000000000
sum          171788.208799706568243 1115399.6965121217072 5058965.5375716835260 818547.5259304493666 703907737.000000000000
median            1.041466535629860       6.1664266586304      29.6847076416015      2.5695931911469      3951.000000000000
mean              1.056144309461112       6.8574150139689      31.1022374678566      5.0323844551105      4327.585437979540
SE.mean           0.000584498277236       0.0124296817092       0.0358617984727      0.0188271872194         6.199198759898
CI.mean.0.95      0.001145604097192       0.0243619097737       0.0702883564641      0.0369008834707        12.150296716400
var               0.055569508929841      25.1298619814200     209.1867725259580     57.6555302461054   6250880.695697448216
std.dev           0.235731858113920       5.0129693776663      14.4632905151614      7.5931238792809      2500.176132934927
coef.var          0.223200424413781       0.7310290200396       0.4650241169983      1.5088521052023         0.577730045719
                        RentBurden                  CDIS            total15_22            total16_22         GunS_More15_22
nbr.val       162656.0000000000000  162656.0000000000000 162656.00000000000000 142324.00000000000000 162656.000000000000000
nbr.null        1419.0000000000000     836.0000000000000 110141.00000000000000  95407.00000000000000 155659.000000000000000
nbr.na             0.0000000000000       0.0000000000000      0.00000000000000  20332.00000000000000      0.000000000000000
min                0.0000000000000       0.0000000000000      0.00000000000000      0.00000000000000      0.000000000000000
max              100.0000000000000      67.3333333333334    107.00000000000000    107.00000000000000      1.000000000000000
range            100.0000000000000      67.3333333333334    107.00000000000000    107.00000000000000      1.000000000000000
sum          7783758.2244619727135 2031707.3491405190434 177008.00000000000000 160502.00000000000000   6997.000000000000000
median            48.4545898437500      10.7525497277578      0.00000000000000      0.00000000000000      0.000000000000000
mean              47.8541106658345      12.4908232659141      1.08823529411765      1.12772266097074      0.043017165060004
SE.mean            0.0374142859655       0.0188136414326      0.00671082099458      0.00735142264118      0.000503082555093
CI.mean.0.95       0.0733311986791       0.0368743340190      0.01315306533197      0.01440864614802      0.000986031026585
var              227.6905523672816      57.5725960770638      7.32523222193492      7.69167497501369      0.041166941662262
std.dev           15.0894185563023       7.5876607776748      2.70651662140378      2.77338691404818      0.202896381589869
coef.var           0.3153212617756       0.6074588212596      2.48706932777644      2.45928100057939      4.716637679560049
                     GunS_More15_21         GunS_Less15_22         GunS_Less15_21
nbr.val      142324.000000000000000 162656.000000000000000 142324.000000000000000
nbr.null     135783.000000000000000 156248.000000000000000 136351.000000000000000
nbr.na        20332.000000000000000      0.000000000000000  20332.000000000000000
min               0.000000000000000      0.000000000000000      0.000000000000000
max               1.000000000000000      1.000000000000000      1.000000000000000
range             1.000000000000000      1.000000000000000      1.000000000000000
sum            6541.000000000000000   6408.000000000000000   5973.000000000000000
median            0.000000000000000      0.000000000000000      0.000000000000000
mean              0.045958517186139      0.039396025968916      0.041967623169669
SE.mean           0.000555046142385      0.000482352671306      0.000531507913773
CI.mean.0.95      0.001087879700542      0.000945400898617      0.001041745227858
var               0.043846639960410      0.037844211770872      0.040206624275820
std.dev           0.209395892892889      0.194535888130885      0.200515895319599
coef.var          4.556193404691568      4.937957150408422      4.777871134348998
