
    0     1  <NA> 
19341   715   276 

    0     1  <NA> 
20140   156    36 

    0     1  <NA> 
20086   204    42 

    0     1  <NA> 
20083   209    40 

    0     1  <NA> 
20055   228    49 

    0     1  <NA> 
19646   502   184 

    0     1  <NA> 
19680   469   183 

    0     1  <NA> 
20041   242    49 

    0     1  <NA> 
20094   197    41 

    0     1  <NA> 
20053   225    54 

    0     1  <NA> 
19607   262   463 

    0     1  <NA> 
17760  1860   712 

    0     1  <NA> 
17826  1812   694 

    0     1  <NA> 
19600   274   458 

    0     1  <NA> 
20020   268    44 

    0     1  <NA> 
20054   236    42 
