                     geoid_2020                  Year year               prowhite               problack            prohispanic           f_m_sexratio
nbr.val       1.62656000000e+05 162656.00000000000000   NA 162656.000000000000000 162656.000000000000000 162656.000000000000000 162656.000000000000000
nbr.null      0.00000000000e+00      0.00000000000000   NA   1507.000000000000000   6702.000000000000000   3301.000000000000000    361.000000000000000
nbr.na        0.00000000000e+00      0.00000000000000   NA      0.000000000000000      0.000000000000000      0.000000000000000      0.000000000000000
min          5.30132487394e-315      1.00000000000000   NA      0.000000000000000      0.000000000000000      0.000000000000000      0.000000000000000
max          2.72131258916e-313      8.00000000000000   NA      1.000000000000000      1.000000000000000      1.000000000000000     20.500000000000000
range        2.66829934042e-313      7.00000000000000   NA      1.000000000000000      1.000000000000000      1.000000000000000     20.500000000000000
sum          2.21738063402e-308 731952.00000000000000   NA  66143.443520104541676  33886.622411635798926  41711.958157222390582 171710.508261562645203
median       1.58115845012e-313      4.50000000000000   NA      0.393659104130308      0.081546360616128      0.152771084337349      1.041431997436735
mean         1.36323322474e-313      4.50000000000000   NA      0.406646195160981      0.208333061255876      0.256442788198544      1.055666610893927
SE.mean       0.00000000000e+00      0.00568127671443   NA      0.000717160751558      0.000672369097519      0.000637547623143      0.000578241876514
CI.mean.0.95  0.00000000000e+00      0.01113518060670   NA      0.001405619703816      0.001317829021814      0.001249579678286      0.001133341685856
var           0.00000000000e+00      5.25003227690511   NA      0.083657159679760      0.073533557547640      0.066114291761079      0.054386256742341
std.dev       0.00000000000e+00      2.29129489086523   NA      0.289235474449038      0.271170716611583      0.257126995395425      0.233208612067267
coef.var      0.00000000000e+00      0.50917664241450   NA      0.711270578431298      1.301621139616094      1.002668069559248      0.220911232448461
                  pctYoungMale1524        pctLivingAlone         PublicAssist              totalpop            RentBurden                  CDIS            total15_22
nbr.val       162656.0000000000000  162656.0000000000000 162656.0000000000000    162656.00000000000  162656.0000000000000  162656.0000000000000 162656.00000000000000
nbr.null        1249.0000000000000     523.0000000000000  19841.0000000000000      1328.00000000000    1433.0000000000000     858.0000000000000 110141.00000000000000
nbr.na             0.0000000000000       0.0000000000000      0.0000000000000         0.00000000000       0.0000000000000       0.0000000000000      0.00000000000000
min                0.0000000000000       0.0000000000000      0.0000000000000         0.00000000000       0.0000000000000       0.0000000000000      0.00000000000000
max              100.0000000000000     100.0000000000000    100.0000000000000     72041.00000000000     100.0000000000000      67.3333333333334    107.00000000000000
range            100.0000000000000     100.0000000000000    100.0000000000000     72041.00000000000     100.0000000000000      67.3333333333334    107.00000000000000
sum          1116599.2529106177390 5056964.6179659515619 818312.0068761408329 703871305.00000000000 7783404.5070610642433 2032157.3938803018536 177008.00000000000000
median             6.1703457832336      29.6766738891602      2.5695931911469      3951.00000000000      48.4602928161621      10.7541280587514      0.00000000000000
mean               6.8647898196846      31.0899359259170      5.0309364971236      4327.36145607909      47.8519360310168      12.4935901158291      1.08823529411765
SE.mean            0.0124249764683       0.0358055118072      0.0187964244668         6.19841133814       0.0373997163133       0.0188315659149      0.00671082099458
CI.mean.0.95       0.0243526876022       0.0701780358060      0.0368405891348        12.14875338662       0.0733026424729       0.0369094656201      0.01315306533197
var               25.1108398248430     208.5306322232790     57.4672712387574   6249292.82375526521     227.5132550505429      57.6823516046660      7.32523222193492
std.dev            5.0110717241767      14.4405897463808      7.5807170662647      2499.85856075004      15.0835425232451       7.5948898349262      2.70651662140378
coef.var           0.7299672467477       0.4644779513470      1.5068202650936         0.57768656169       0.3152127954336       0.6079029137753      2.48706932777644
                        total16_22         GunS_Open15_22         GunS_Open15_21       GunS_Closed15_22       GunS_Closed15_21
nbr.val      142324.00000000000000 162656.000000000000000 142324.000000000000000 162656.000000000000000 142324.000000000000000
nbr.null      95407.00000000000000 156979.000000000000000 136925.000000000000000 157646.000000000000000 137558.000000000000000
nbr.na        20332.00000000000000      0.000000000000000  20332.000000000000000      0.000000000000000  20332.000000000000000
min               0.00000000000000      0.000000000000000      0.000000000000000      0.000000000000000      0.000000000000000
max             107.00000000000000      1.000000000000000      1.000000000000000      1.000000000000000      1.000000000000000
range           107.00000000000000      1.000000000000000      1.000000000000000      1.000000000000000      1.000000000000000
sum          160502.00000000000000   5677.000000000000000   5399.000000000000000   5010.000000000000000   4766.000000000000000
median            0.00000000000000      0.000000000000000      0.000000000000000      0.000000000000000      0.000000000000000
mean              1.12772266097074      0.034901878811725      0.037934571822040      0.030801200078694      0.033486973384672
SE.mean           0.00735142264118      0.000455068138131      0.000506386772377      0.000428406985563      0.000476874675301
CI.mean.0.95      0.01440864614802      0.000891923798320      0.000992508276743      0.000839668510654      0.000934665137448
var               7.69167497501369      0.033683944754147      0.036495796510282      0.029852669684951      0.032365823407662
std.dev           2.77338691404818      0.183531863048756      0.191038730393294      0.172779251314940      0.179905039972931
coef.var          2.45928100057939      5.258509550124795      5.036005976013178      5.609497385605372      5.372388776564711
