         gisjoin         geoid_2020          total_2015          total_2016          total_2017          total_2018          total_2019          total_2020
nbr.val       NA  2.03320000000e+04 20332.0000000000000 20332.0000000000000 20332.0000000000000 20332.0000000000000 20332.0000000000000 20332.0000000000000
nbr.null      NA  0.00000000000e+00 14734.0000000000000 14424.0000000000000 14347.0000000000000 14370.0000000000000 14064.0000000000000 12973.0000000000000
nbr.na        NA  0.00000000000e+00     0.0000000000000     0.0000000000000     0.0000000000000     0.0000000000000     0.0000000000000     0.0000000000000
min           NA 5.30132487394e-315     0.0000000000000     0.0000000000000     0.0000000000000     0.0000000000000     0.0000000000000     0.0000000000000
max           NA 2.72131258916e-313    88.0000000000000   107.0000000000000    48.0000000000000    45.0000000000000    47.0000000000000    66.0000000000000
range         NA 2.66829934042e-313    88.0000000000000   107.0000000000000    48.0000000000000    45.0000000000000    47.0000000000000    66.0000000000000
sum           NA 2.77172579252e-309 16506.0000000000000 19212.0000000000000 18929.0000000000000 18061.0000000000000 19361.0000000000000 27845.0000000000000
median        NA 1.58115845012e-313     0.0000000000000     0.0000000000000     0.0000000000000     0.0000000000000     0.0000000000000     0.0000000000000
mean          NA 1.36323322474e-313     0.8118237261460     0.9449144206177     0.9309954751131     0.8883041510919     0.9522427700177     1.3695160338383
SE.mean       NA  0.00000000000e+00     0.0151604032480     0.0182306561400     0.0168047993172     0.0155959397974     0.0163101172636     0.0226559146744
CI.mean       NA  0.00000000000e+00     0.0297156134139     0.0357335567714     0.0329387623693     0.0305693001871     0.0319691456363     0.0444074205013
var           NA  0.00000000000e+00     4.6730626912712     6.7574789312425     5.7417828267957     4.9454202315247     5.4087171181785    10.4362218305923
std.dev       NA  0.00000000000e+00     2.1617267846033     2.5995151338745     2.3962017500193     2.2238300815316     2.3256648765844     3.2305141743370
coef.var      NA  0.00000000000e+00     2.6628031615506     2.7510588018913     2.5738060109564     2.5034556900338     2.4423024776982     2.3588728386648
                  total_2021          total_2022            fatal2015           fatal2016            fatal2017            fatal2018            fatal2019
nbr.val  20332.0000000000000 20332.0000000000000 20332.00000000000000 20332.0000000000000 20332.00000000000000 20332.00000000000000 20332.00000000000000
nbr.null 12580.0000000000000 12649.0000000000000 17402.00000000000000 17073.0000000000000 17161.00000000000000 17204.00000000000000 17051.00000000000000
nbr.na       0.0000000000000     0.0000000000000     0.00000000000000     0.0000000000000     0.00000000000000     0.00000000000000     0.00000000000000
min          0.0000000000000     0.0000000000000     0.00000000000000     0.0000000000000     0.00000000000000     0.00000000000000     0.00000000000000
max         58.0000000000000    76.0000000000000    19.00000000000000    53.0000000000000     9.00000000000000    11.00000000000000    23.00000000000000
range       58.0000000000000    76.0000000000000    19.00000000000000    53.0000000000000     9.00000000000000    11.00000000000000    23.00000000000000
sum      29579.0000000000000 27515.0000000000000  4572.00000000000000  5338.0000000000000  5209.00000000000000  4893.00000000000000  5191.00000000000000
median       0.0000000000000     0.0000000000000     0.00000000000000     0.0000000000000     0.00000000000000     0.00000000000000     0.00000000000000
mean         1.4548003147747     1.3532854613417     0.22486720440685     0.2625418060201     0.25619712768050     0.24065512492622     0.25531182372615
SE.mean      0.0233295239273     0.0211695326642     0.00479441882871     0.0057650231781     0.00519789382351     0.00484999530865     0.00517438577269
CI.mean      0.0457277489796     0.0414939918491     0.00939744768842     0.0112999105156     0.01018829122811     0.00950638207268     0.01014221355201
var         11.0660302734385     9.1117677699662     0.46736054013339     0.6757440283048     0.54933201327590     0.47825854477084     0.54437441950900
std.dev      3.3265643347812     3.0185704845119     0.68363772579736     0.8220365127565     0.74116935532704     0.69156239398253     0.73781733478484
coef.var     2.2866123281643     2.2305497034743     3.04018421717234     3.1310690103717     2.89296512430588     2.87366576628913     2.88986747271150
                    fatal2020            fatal2021            fatal2022        nonfatal2015        nonfatal2016        nonfatal2017        nonfatal2018
nbr.val  20332.00000000000000 20332.00000000000000 20332.00000000000000 20332.0000000000000 20332.0000000000000 20332.0000000000000 20332.0000000000000
nbr.null 16171.00000000000000 15852.00000000000000 15980.00000000000000 15816.0000000000000 15534.0000000000000 15434.0000000000000 15450.0000000000000
nbr.na       0.00000000000000     0.00000000000000     0.00000000000000     0.0000000000000     0.0000000000000     0.0000000000000     0.0000000000000
min          0.00000000000000     0.00000000000000     0.00000000000000     0.0000000000000     0.0000000000000     0.0000000000000     0.0000000000000
max         15.00000000000000    15.00000000000000    16.00000000000000    69.0000000000000    54.0000000000000    42.0000000000000    42.0000000000000
range       15.00000000000000    15.00000000000000    16.00000000000000    69.0000000000000    54.0000000000000    42.0000000000000    42.0000000000000
sum       7382.00000000000000  8018.00000000000000  7584.00000000000000 11934.0000000000000 13874.0000000000000 13720.0000000000000 13168.0000000000000
median       0.00000000000000     0.00000000000000     0.00000000000000     0.0000000000000     0.0000000000000     0.0000000000000     0.0000000000000
mean         0.36307298839268     0.39435372811332     0.37300806610270     0.5869565217391     0.6823726145977     0.6747983474326     0.6476490261657
SE.mean      0.00651615416503     0.00681702793149     0.00648252685877     0.0120619311107     0.0143098721961     0.0133632172871     0.0125236573251
CI.mean      0.01277218784661     0.01336192470151     0.01270627561349     0.0236423580592     0.0280485039366     0.0261929839447     0.0245473786887
var          0.86330211006272     0.94486605715348     0.85441477677818     2.9581063828422     4.1634332962015     3.6307986165572     3.1889113975432
std.dev      0.92914052223693     0.97204220955341     0.92434559380038     1.7199146440571     2.0404492878289     1.9054654592926     1.7857523337639
coef.var     2.55910120538084     2.46489925226241     2.47808473274649     2.9302249491344     2.9902273980206     2.8237553730567     2.7572840560516
                nonfatal2019        nonfatal2020        nonfatal2021        nonfatal2022            CDIS_2015            CDIS_2016            CDIS_2017
nbr.val  20332.0000000000000 20332.0000000000000 20332.0000000000000 20332.0000000000000  20332.0000000000000  20332.0000000000000  20332.0000000000000
nbr.null 15155.0000000000000 14120.0000000000000 13891.0000000000000 13945.0000000000000    101.0000000000000     93.0000000000000     89.0000000000000
nbr.na       0.0000000000000     0.0000000000000     0.0000000000000     0.0000000000000      0.0000000000000      0.0000000000000      0.0000000000000
min          0.0000000000000     0.0000000000000     0.0000000000000     0.0000000000000      0.0000000000000      0.0000000000000      0.0000000000000
max         29.0000000000000    58.0000000000000    48.0000000000000    60.0000000000000     66.6666666666667     66.6666666666667     64.6914831797282
range       29.0000000000000    58.0000000000000    48.0000000000000    60.0000000000000     66.6666666666667     66.6666666666667     64.6914831797282
sum      14170.0000000000000 20463.0000000000000 21561.0000000000000 19931.0000000000000 280460.6135969088064 272701.0827519745217 263136.5234321443131
median       0.0000000000000     0.0000000000000     0.0000000000000     0.0000000000000     12.0219636758168     11.6542083422343     11.1997933387756
mean         0.6969309462916     1.0064430454456     1.0604465866614     0.9802773952390     13.7940494588289     13.4124081621077     12.9419891516892
SE.mean      0.0128746213860     0.0181660413926     0.0186291929839     0.0167626326052      0.0571246999196      0.0557967338722      0.0542343967948
CI.mean      0.0252352965616     0.0356069066537     0.0365147211369     0.0328561122120      0.1119690203111      0.1093660997260      0.1063037930147
var          3.3701484674167     6.7096628774309     7.0561561725932     5.7130043399484     66.3480196232727     63.2991176856942     59.8039306861492
std.dev      1.8357964123009     2.5903016962182     2.6563426308730     2.3901891849702      8.1454293700991      7.9560742634602      7.7333001161308
coef.var     2.6341152191179     2.5737191070473     2.5049282672840     2.4382783858719      0.5905031292233      0.5931876041424      0.5975356666963
                    CDIS_2018            CDIS_2019            CDIS_2020            CDIS_2021            CDIS_2022        prowhite_2015     prohispanic_2015
nbr.val   20332.0000000000000  20332.0000000000000  20332.0000000000000  20332.0000000000000  20332.0000000000000 20332.00000000000000 20332.00000000000000
nbr.null     78.0000000000000     82.0000000000000    119.0000000000000    114.0000000000000    128.0000000000000   193.00000000000000   456.00000000000000
nbr.na        0.0000000000000      0.0000000000000      0.0000000000000      0.0000000000000      0.0000000000000     0.00000000000000     0.00000000000000
min           0.0000000000000      0.0000000000000      0.0000000000000      0.0000000000000      0.0000000000000     0.00000000000000     0.00000000000000
max          66.6666666666667     67.3333333333334     66.6666666666667     66.6666666666667     66.6666666666667     1.00000000000000     1.00000000000000
range        66.6666666666667     67.3333333333334     66.6666666666667     66.6666666666667     66.6666666666667     1.00000000000000     1.00000000000000
sum      254953.9872799491277 245754.1600753255480 239470.6784859623003 239075.7244188351324 237196.9753885716782  8492.97939658405267  5084.63175746612524
median       10.8306709527969     10.4078864256541     10.1211452881495     10.1248584985733     10.0913487275442     0.41150427918425     0.14473471312607
mean         12.5395429510107     12.0870627619184     11.7780188120186     11.7585935677176     11.6661900151767     0.41771490244856     0.25008025562985
SE.mean       0.0528785539785      0.0511753606513      0.0514402655368      0.0507039808073      0.0500956750811     0.00207677413606     0.00179870596432
CI.mean       0.1036462317137      0.1003078353891      0.1008270703356      0.0993838928670      0.0981915645691     0.00407064484801     0.00352560879858
var          56.8511483855357     53.2478313782985     53.8005238747940     52.2714100925283     51.0247126882636     0.08769172919373     0.06578099684625
std.dev       7.5399700520318      7.2971111666397      7.3348840396283      7.2298969627878      7.1431584532519     0.29612789330579     0.25647806308972
coef.var      0.6012954444583      0.6037125239086      0.6227604282771      0.6148606907068      0.6122957404225     0.70892345848796     1.02558301711486
                problack_2015        prowhite_2016     prohispanic_2016        problack_2016        prowhite_2017     prohispanic_2017        problack_2017
nbr.val  20332.00000000000000 20332.00000000000000 20332.00000000000000 20332.00000000000000 20332.00000000000000 20332.00000000000000 20332.00000000000000
nbr.null   766.00000000000000   173.00000000000000   429.00000000000000   733.00000000000000   168.00000000000000   396.00000000000000   706.00000000000000
nbr.na       0.00000000000000     0.00000000000000     0.00000000000000     0.00000000000000     0.00000000000000     0.00000000000000     0.00000000000000
min          0.00000000000000     0.00000000000000     0.00000000000000     0.00000000000000     0.00000000000000     0.00000000000000     0.00000000000000
max          1.00000000000000     1.00000000000000     1.00000000000000     1.00000000000000     1.00000000000000     1.00000000000000     1.00000000000000
range        1.00000000000000     1.00000000000000     1.00000000000000     1.00000000000000     1.00000000000000     1.00000000000000     1.00000000000000
sum       4318.04231452088425  8450.94114783237637  5121.41871224894930  4307.98970460661440  8379.82748955119314  5156.95044015031635  4276.43623907290748
median       0.07992565055762     0.40793369644824     0.14721319670082     0.08160984427300     0.40369532811415     0.14860624257973     0.08200868589164
mean         0.21237666311828     0.41564731201222     0.25188956877085     0.21188224004557     0.41214968962971     0.25363714539398     0.21033032850054
SE.mean      0.00194947399554     0.00206619864998     0.00180272588986     0.00193985790766     0.00205155680139     0.00180208705748     0.00192347792061
CI.mean      0.00382112630280     0.00404991604214     0.00353348817693     0.00380227799480     0.00402121683768     0.00353223601393     0.00377017189874
var          0.07727072620686     0.08680090394184     0.06607535312966     0.07651030620746     0.08557505610932     0.06602853115162     0.07522366896894
std.dev      0.27797612524614     0.29461993133839     0.25705126556713     0.27660496417718     0.29253214542905     0.25696017425201     0.27426933654519
coef.var     1.30888262940325     0.70882193346107     1.02049190373967     1.30546554594517     0.70977160189511     1.01310150708750     1.30399328760850
                prowhite_2018     prohispanic_2018        problack_2018        prowhite_2019     prohispanic_2019        problack_2019        prowhite_2020
nbr.val  20332.00000000000000 20332.00000000000000 20332.00000000000000 20332.00000000000000 20332.00000000000000 20332.00000000000000 20332.00000000000000
nbr.null   168.00000000000000   354.00000000000000   695.00000000000000   153.00000000000000   334.00000000000000   670.00000000000000   216.00000000000000
nbr.na       0.00000000000000     0.00000000000000     0.00000000000000     0.00000000000000     0.00000000000000     0.00000000000000     0.00000000000000
min          0.00000000000000     0.00000000000000     0.00000000000000     0.00000000000000     0.00000000000000     0.00000000000000     0.00000000000000
max          1.00000000000000     1.00000000000000     1.00000000000000     1.00000000000000     1.00000000000000     1.00000000000000     1.00000000000000
range        1.00000000000000     1.00000000000000     1.00000000000000     1.00000000000000     1.00000000000000     1.00000000000000     1.00000000000000
sum       8308.56450650714214  5197.82961894913115  4262.48955990923696  8250.49456023881430  5233.79106662681625  4251.68870094111662  8199.42963825525840
median       0.39792884850723     0.15120160213618     0.08243004861501     0.39039669733924     0.15432649420161     0.08327153653746     0.38825092128485
mean         0.40864472292481     0.25564772865184     0.20964438126644     0.40578863664366     0.25741644042036     0.20911315664672     0.40327708234582
SE.mean      0.00203501128165     0.00180246827741     0.00191137966991     0.00201641302165     0.00179766386484     0.00189498289853     0.00201358749076
CI.mean      0.00398878628419     0.00353298323574     0.00374645835135     0.00395233219421     0.00352356619952     0.00371431935666     0.00394679392571
var          0.08420032027275     0.06605646992889     0.07428036443548     0.08266831540709     0.06570479708186     0.07301140249637     0.08243679714013
std.dev      0.29017291443681     0.25701453252470     0.27254424307895     0.28752098255099     0.25632946978812     0.27020622216442     0.28711808919003
coef.var     0.71008604334823     1.00534643464298     1.30003123113788     0.70854862996935     0.99577738457395     1.29215314089924     0.71196232505922
             prohispanic_2020        problack_2020        prowhite_2021     prohispanic_2021        problack_2021        prowhite_2022     prohispanic_2022
nbr.val  20332.00000000000000 20332.00000000000000 20332.00000000000000 20332.00000000000000 20332.00000000000000 20332.00000000000000 20332.00000000000000
nbr.null   422.00000000000000  1034.00000000000000   215.00000000000000   435.00000000000000  1052.00000000000000   242.00000000000000   445.00000000000000
nbr.na       0.00000000000000     0.00000000000000     0.00000000000000     0.00000000000000     0.00000000000000     0.00000000000000     0.00000000000000
min          0.00000000000000     0.00000000000000     0.00000000000000     0.00000000000000     0.00000000000000     0.00000000000000     0.00000000000000
max          1.00000000000000     1.00000000000000     1.00000000000000     1.00000000000000     1.00000000000000     1.00000000000000     1.00000000000000
range        1.00000000000000     1.00000000000000     1.00000000000000     1.00000000000000     1.00000000000000     1.00000000000000     1.00000000000000
sum       5262.53936141602753  4190.72243597919714  8089.14788209444941  5321.83319810411376  4156.09929388898490  7985.39108042103453  5363.29777374700370
median       0.15607081261198     0.08112811664523     0.38215000531968     0.15978917273709     0.08080016584414     0.37372224779266     0.16234216076150
mean         0.25883038370136     0.20611461912154     0.39785303374456     0.26174666526186     0.20441172997683     0.39274990558829     0.26378604041644
SE.mean      0.00181032152762     0.00188288034089     0.00199132158735     0.00181106933168     0.00186390992387     0.00196939532903     0.00180626940015
CI.mean      0.00354837623972     0.00369059736733     0.00390315095875     0.00354984199600     0.00365341381954     0.00386017372357     0.00354043374297
var          0.06663333232650     0.07208178670396     0.08062373335728     0.06668839322814     0.07063662527350     0.07885802720327     0.06633536915463
std.dev      0.25813433000377     0.26848051457035     0.28394318684779     0.25824095962519     0.26577551669313     0.28081671460808     0.25755653584141
coef.var     0.99731077284037     1.30257870943172     0.71368863063664     0.98660649359881     1.30019699321195     0.71500135483788     0.97638425230846
                problack_2022    f_m_sexratio_2015    f_m_sexratio_2016    f_m_sexratio_2017    f_m_sexratio_2018    f_m_sexratio_2019    f_m_sexratio_2020
nbr.val  20332.00000000000000 20332.00000000000000 20332.00000000000000 20332.00000000000000 20332.00000000000000 20332.00000000000000 20332.00000000000000
nbr.null  1021.00000000000000    42.00000000000000    31.00000000000000    20.00000000000000    35.00000000000000    42.00000000000000    41.00000000000000
nbr.na       0.00000000000000     0.00000000000000     0.00000000000000     0.00000000000000     0.00000000000000     0.00000000000000     0.00000000000000
min          0.00000000000000     0.00000000000000     0.00000000000000     0.00000000000000     0.00000000000000     0.00000000000000     0.00000000000000
max          1.00000000000000     8.75000000000000     9.25000000000000     4.60000000000000     6.07692307692308     5.64285714285714     5.25000000000000
range        1.00000000000000     8.75000000000000     9.25000000000000     4.60000000000000     6.07692307692308     5.64285714285714     5.25000000000000
sum       4129.01042655150286 21533.94678041278894 21493.52517677332071 21485.85782747220219 21484.76206859799277 21464.61995302907599 21599.15010272834479
median       0.08146453914297     1.04695693839711     1.04690433563071     1.04526887999110     1.04358615766328     1.04270380998820     1.04244075306069
mean         0.20307940323389     1.05911601320149     1.05712793511574     1.05675082763487     1.05669693432018     1.05570627351117     1.06232294426167
SE.mean      0.00184489324712     0.00168329651205     0.00155502667749     0.00142380104039     0.00156956839274     0.00151361147071     0.00171005072909
CI.mean      0.00361613959898     0.00329939696160     0.00304797773784     0.00279076490266     0.00307648067288     0.00296680059144     0.00335183738537
var          0.06920262738871     0.05761046068257     0.04916497119914     0.04121722157407     0.05008879570987     0.04658101222058     0.05945632872207
std.dev      0.26306392262854     0.24002179209933     0.22173175505358     0.20302024917251     0.22380526291817     0.21582634737348     0.24383668452895
coef.var     1.29537470782086     0.22662464650477     0.20974921548100     0.19211742623083     0.21179702112238     0.20443787518252     0.22953159945012
            f_m_sexratio_2021    f_m_sexratio_2022 pctYoungMale1524_2015  pctLivingAlone_2015   PublicAssist_2015         totalpop_2015      RentBurden_2015
nbr.val  20332.00000000000000 20332.00000000000000   20332.0000000000000  20332.0000000000000 20332.0000000000000    20332.000000000000   20332.000000000000
nbr.null    42.00000000000000    63.00000000000000     130.0000000000000     57.0000000000000  2214.0000000000000      111.000000000000     145.000000000000
nbr.na       0.00000000000000     0.00000000000000       0.0000000000000      0.0000000000000     0.0000000000000        0.000000000000       0.000000000000
min          0.00000000000000     0.00000000000000       0.0000000000000      0.0000000000000     0.0000000000000        0.000000000000       0.000000000000
max          4.72727272727273    20.50000000000000      85.0096740722656    100.0000000000000   100.0000000000000    53812.000000000000     100.000000000000
range        4.72727272727273    20.50000000000000      85.0096740722656    100.0000000000000   100.0000000000000    53812.000000000000     100.000000000000
sum      21421.67866725044587 21321.13806525822292  146553.4541825130582 627396.6610423327656 76163.9443229325116 92087127.000000000000 1001779.244369864580
median       1.03167484773879     1.02705576524461       6.5739130973816     29.4495096206666     2.4207012653351     4117.000000000000      50.000000000000
mean         1.05359426850533     1.04864932447660       7.2080195840307     30.8575969428651     3.7460133938094     4529.172093252017      49.271062579671
SE.mean      0.00173961343820     0.00198878373109       0.0341225345273      0.0997873753311     0.0292065744356       18.242023256824       0.101517659109
CI.mean      0.00340978268017     0.00389817655574       0.0668829204692      0.1955913058793     0.0572472421002       35.755837237356       0.198982801673
var          0.06152981491911     0.08041836114268      23.6735105756435    202.4563022408630    17.3436837700474  6765908.359000821598     209.538239477206
std.dev      0.24805204074772     0.28358131310557       4.8655431943046     14.2287140051680     4.1645748606607     2601.135974723510      14.475435726679
coef.var     0.23543412123874     0.27042530471005       0.6750180320104      0.4611089460891     1.1117351762658        0.574307162803       0.293791831732
         pctYoungMale1524_2016 pctLivingAlone_2016   PublicAssist_2016         totalpop_2016      RentBurden_2016 pctYoungMale1524_2017 PctLivingAlone_2017
nbr.val    20332.0000000000000  20332.000000000000 20332.0000000000000    20332.000000000000  20332.0000000000000   20332.0000000000000  20332.000000000000
nbr.null     118.0000000000000     56.000000000000  2245.0000000000000      112.000000000000    130.0000000000000     108.0000000000000     65.000000000000
nbr.na         0.0000000000000      0.000000000000     0.0000000000000        0.000000000000      0.0000000000000       0.0000000000000      0.000000000000
min            0.0000000000000      0.000000000000     0.0000000000000        0.000000000000      0.0000000000000       0.0000000000000      0.000000000000
max           84.1593780517578    100.000000000000   100.0000000000000    61133.000000000000    100.0000000000000      85.3526229858399    100.000000000000
range         84.1593780517578    100.000000000000   100.0000000000000    61133.000000000000    100.0000000000000      85.3526229858399    100.000000000000
sum       144522.9630970917642 627911.174818039057 73072.1867781691253 93189315.000000000000 988621.3824856282445  141558.1517509762198 626819.250418365118
median         6.4522674083710     29.509559631348     2.3317052125931     4160.000000000000     49.2219905853271       6.3139562606812     29.598604202271
mean           7.1081528180746     30.882902558432     3.5939497726819     4583.381615187881     48.6239121820592       6.9623328620390     30.829197836827
SE.mean        0.0341146347587      0.099166497266     0.0282037683561       18.884855742644      0.0999089187724       0.0336774804455      0.097992862976
CI.mean        0.0668674362854      0.194374334783     0.0552816612841       37.015840769326      0.1958295408296       0.0660105785648      0.192073916893
var           23.6625504515278    199.944769667934    16.1731412361083  7251159.270180894062    202.9497959662322      23.0599991159998    195.240087481185
std.dev        4.8644167637578     14.140182801786     4.0215844186226     2692.797666030795     14.2460449236352       4.8020827893738     13.972833910170
coef.var       0.6843433010315      0.457864437290     1.1189873740560        0.587513301774      0.2929843421544       0.6897232414090      0.453233781304
           PublicAssist_2017        totalpop_2017     RentBurden_2017 pctYoungMale1524_2018  pctLivingAlone_2018   PublicAssist_2018         totalpop_2018
nbr.val  20332.0000000000000    20332.00000000000  20332.000000000000   20332.0000000000000  20332.0000000000000 20332.0000000000000    20332.000000000000
nbr.null  2386.0000000000000      119.00000000000    119.000000000000     113.0000000000000     62.0000000000000  2536.0000000000000      126.000000000000
nbr.na       0.0000000000000        0.00000000000      0.000000000000       0.0000000000000      0.0000000000000     0.0000000000000        0.000000000000
min          0.0000000000000        0.00000000000      0.000000000000       0.0000000000000      0.0000000000000     0.0000000000000        0.000000000000
max         55.5555572509766    65528.00000000000    100.000000000000      92.5925903320313    100.0000000000000    53.4482765197754    70271.000000000000
range       55.5555572509766    65528.00000000000    100.000000000000      92.5925903320313    100.0000000000000    53.4482765197754    70271.000000000000
sum      69841.2369797080755 94473501.00000000000 979132.858262598631  139448.8383144587278 627840.3326143176528 66474.4514479115605 95317090.000000000000
median       2.2248843908310     4190.00000000000     48.579317092896       6.1858568191528     29.6679649353027     2.0808788537979     4212.000000000000
mean         3.4350401819648     4646.54244540626     48.157232847856       6.8585893327985     30.8794182871492     3.2694497072551     4688.033149714735
SE.mean      0.0272815120771       19.52570038779      0.100231882400       0.0341049401428      0.0975247498477     0.0263302588509       20.209997745604
CI.mean      0.0534739645754       38.27194797320      0.196462575595       0.0668484340562      0.1911563773972     0.0516094315107       39.613225999415
var         15.1327192834817  7751635.50058381818    204.264019833408      23.6491036276915    193.3792141658266    14.0958204234255  8304483.588493290357
std.dev      3.8900795986049     2784.17591049557     14.292096411423       4.8630344053576     13.9060855083602     3.7544400945315     2881.750091262823
coef.var     1.1324698962851        0.59919304369      0.296779851462       0.7090429488324      0.4503350865954     1.1483400665868        0.614703437291
             RentBurden_2018 pctYoungMale1524_2019  pctLivingAlone_2019   PublicAssist_2019         totalpop_2019      RentBurden_2019 pctYoungMale1524_2020
nbr.val   20332.000000000000   20332.0000000000000  20332.0000000000000 20332.0000000000000    20332.000000000000  20332.0000000000000   20332.0000000000000
nbr.null    142.000000000000      99.0000000000000     62.0000000000000  2820.0000000000000      125.000000000000    147.0000000000000     209.0000000000000
nbr.na        0.000000000000       0.0000000000000      0.0000000000000     0.0000000000000        0.000000000000      0.0000000000000       0.0000000000000
min           0.000000000000       0.0000000000000      0.0000000000000     0.0000000000000        0.000000000000      0.0000000000000       0.0000000000000
max         100.000000000000     100.0000000000000    100.0000000000000    50.0000000000000    72041.000000000000    100.0000000000000     100.0000000000000
range       100.000000000000     100.0000000000000    100.0000000000000    50.0000000000000    72041.000000000000    100.0000000000000     100.0000000000000
sum      973439.269675970194  137539.4630524516106 630762.8581770063611 63624.4402000047339 96188397.000000000000 959850.8042935134144  135200.8785306550562
median       48.452468872070       6.0640134811401     29.7682704925537     1.9731276035309     4234.000000000000     47.7608184814453       5.8601775169373
mean         47.877201931732       6.7646794733647     31.0231584781136     3.1292760279365     4730.887123745820     47.2088729241350       6.6496595775455
SE.mean       0.100439914872       0.0343032063139      0.0980701323176     0.0253646622595       20.955562010537      0.0999822975325       0.0362576446604
CI.mean       0.196870336022       0.0672370517465      0.1922253710363     0.0497167842931       41.074592106213      0.1959733691191       0.0710679085776
var         205.112804586168      23.9248669761729    195.5481103390883    13.0809193731160  8928504.595836358145    203.2480210577759      26.7287887027367
std.dev      14.321759828533       4.8913052425884     13.9838517704919     3.6167553653953     2988.060340059477     14.2565080246804       5.1699892362303
coef.var      0.299135272127       0.7230653369236      0.4507552569271     1.1557802293907        0.631606770971      0.3019878921403       0.7774817907503
         pctLivingAlone_2020   PublicAssist_2020         totalpop_2020     RentBurden_2020 pctYoungMale1524_2021 pctLivingAlone_2021   PublicAssist_2021
nbr.val   20332.000000000000 20332.0000000000000    20332.000000000000  20332.000000000000   20332.0000000000000  20332.000000000000  20332.000000000000
nbr.null     91.000000000000  3843.0000000000000      250.000000000000    237.000000000000     217.0000000000000    100.000000000000    676.000000000000
nbr.na        0.000000000000     0.0000000000000        0.000000000000      0.000000000000       0.0000000000000      0.000000000000      0.000000000000
min           0.000000000000     0.0000000000000        0.000000000000      0.000000000000       0.0000000000000      0.000000000000      0.000000000000
max         100.000000000000   100.0000000000000    19704.000000000000    100.000000000000     100.0000000000000    100.000000000000    100.000000000000
range       100.000000000000   100.0000000000000    19704.000000000000    100.000000000000     100.0000000000000    100.000000000000    100.000000000000
sum      634834.898759126780 65938.4623834192753 77221830.000000000000 953728.822378188488  134176.5026218090206 638126.791749894735 331513.341562654881
median       29.653660774231     1.9987697005272     3620.000000000000     47.643978118896       5.8075337409973     29.802955627441     12.260947704315
mean         31.223435901983     3.2430878606836     3798.043970096400     46.907772102016       6.5992771307205     31.385342895431     16.305004011541
SE.mean       0.105728588224     0.0284847391150       12.384260240606      0.113021226332       0.0361074741045      0.106190349687      0.100692049217
CI.mean       0.207236562450     0.0558323866386       24.274149157359      0.221530721466       0.0707735621732      0.208141652169      0.197364539679
var         227.281960768031    16.4969855293292  3118316.841507586185    259.716852834099      26.5078386199683    229.271568933345    206.143886583141
std.dev      15.075873466172     4.0616481296795     1765.875658563645     16.115733083980       5.1485763682758     15.141716181904     14.357711746067
coef.var      0.482838388238     1.2524015087348        0.464943447856      0.343562108406       0.7801727774560      0.482445459728      0.880570880933
                 totalpop_2021     RentBurden_2021 pctYoungMale1524_2022 pctLivingAlone_2022   PublicAssist_2022         totalpop_2022     RentBurden_2022
nbr.val     20332.000000000000  20332.000000000000   20332.0000000000000  20332.000000000000 20332.0000000000000    20332.000000000000  20332.000000000000
nbr.null      248.000000000000    278.000000000000     236.0000000000000     95.000000000000  3100.0000000000000      236.000000000000    269.000000000000
nbr.na          0.000000000000      0.000000000000       0.0000000000000      0.000000000000     0.0000000000000        0.000000000000      0.000000000000
min             0.000000000000      0.000000000000       0.0000000000000      0.000000000000     0.0000000000000        0.000000000000      0.000000000000
max         27839.000000000000    100.000000000000     100.0000000000000    100.000000000000    78.9473648071289    28999.000000000000    100.000000000000
range       27839.000000000000    100.000000000000     100.0000000000000    100.000000000000    78.9473648071289    28999.000000000000    100.000000000000
sum      77715464.000000000000 958328.041498184321  137262.9641698375344 644382.080148875830 72482.9165744707134 77754672.000000000000 967440.644381970284
median       3639.000000000000     47.771932601929       5.9467320442200     30.081354141235     2.3421521186829     3636.000000000000     48.178138732910
mean         3822.322644107810     47.133978039454       6.7510802759117     31.693000204056     3.5649673703753     3824.251032854614     47.582168226538
SE.mean        12.676682817506      0.114782351188       0.0378205505918      0.107302679585     0.0299397900324       12.807819285606      0.114956610835
CI.mean        24.847320998935      0.224982668260       0.0741313302887      0.210321908505     0.0586844038212       25.104359055692      0.225324231227
var       3267317.576481956057    267.873858946498      29.0827717648887    234.099904116969    18.2254223647022  3335266.055025739595    268.687834921615
std.dev      1807.572288037730     16.366852444697       5.3928444966352     15.300323660530     4.2691243088838     1826.271079283067     16.391700183984
coef.var        0.472898929876      0.347241058902       0.7988120828421      0.482766653899     1.1975212857094        0.477549999619      0.344492502022
                    FFLs_2015            FFLs_2016            FFLs_2017            FFLs_2018            FFLs_2019            FFLs_2020            FFLs_2021
nbr.val  20332.00000000000000 20332.00000000000000 20332.00000000000000 20332.00000000000000 20332.00000000000000 20332.00000000000000 20332.00000000000000
nbr.null 17251.00000000000000 17257.00000000000000 17667.00000000000000 17305.00000000000000 17347.00000000000000 19194.00000000000000 17420.00000000000000
nbr.na       0.00000000000000     0.00000000000000     0.00000000000000     0.00000000000000     0.00000000000000     0.00000000000000     0.00000000000000
min          0.00000000000000     0.00000000000000     0.00000000000000     0.00000000000000     0.00000000000000     0.00000000000000     0.00000000000000
max         13.00000000000000    12.00000000000000    11.00000000000000    12.00000000000000    12.00000000000000    65.00000000000000    12.00000000000000
range       13.00000000000000    12.00000000000000    11.00000000000000    12.00000000000000    12.00000000000000    65.00000000000000    12.00000000000000
sum       4477.00000000000000  4510.00000000000000  3895.00000000000000  4421.00000000000000  4271.00000000000000  4187.00000000000000  4159.00000000000000
median       0.00000000000000     0.00000000000000     0.00000000000000     0.00000000000000     0.00000000000000     0.00000000000000     0.00000000000000
mean         0.22019476686996     0.22181782411961     0.19156993901239     0.21744048790085     0.21006295494787     0.20593153649420     0.20455439700964
SE.mean      0.00443459705012     0.00447273196580     0.00421293693447     0.00443691694959     0.00425151594615     0.00910233960663     0.00420472427743
CI.mean      0.00869216797419     0.00876691548541     0.00825769626534     0.00869671516431     0.00833331424054     0.01784131994964     0.00824159879500
var          0.39984201607020     0.40674839472827     0.36086936636401     0.40026046938126     0.36750878556970     1.68455878494412     0.35946378745939
std.dev      0.63233062243592     0.63776829235097     0.60072403511430     0.63266141764870     0.60622502882156     1.29790553775847     0.59955298970099
coef.var     2.87168778542933     2.87518956099334     3.13579488625007     2.90958424420568     2.88592069445095     6.30260697246365     2.93101980923310
                    FFLs_2022
nbr.val  20332.00000000000000
nbr.null 17386.00000000000000
nbr.na       0.00000000000000
min          0.00000000000000
max         11.00000000000000
range       11.00000000000000
sum       4186.00000000000000
median       0.00000000000000
mean         0.20588235294118
SE.mean      0.00422936809666
CI.mean      0.00828990266880
var          0.36368975803395
std.dev      0.60306695982615
coef.var     2.92918237629842
