         gisjoin         geoid_2020          total_2015          total_2016          total_2017          total_2018
nbr.val       NA  2.03320000000e+04 20332.0000000000000 20332.0000000000000 20332.0000000000000 20332.0000000000000
nbr.null      NA  0.00000000000e+00 14734.0000000000000 14424.0000000000000 14347.0000000000000 14370.0000000000000
nbr.na        NA  0.00000000000e+00     0.0000000000000     0.0000000000000     0.0000000000000     0.0000000000000
min           NA 5.30132487394e-315     0.0000000000000     0.0000000000000     0.0000000000000     0.0000000000000
max           NA 2.72131258916e-313    88.0000000000000   107.0000000000000    48.0000000000000    45.0000000000000
range         NA 2.66829934042e-313    88.0000000000000   107.0000000000000    48.0000000000000    45.0000000000000
sum           NA 2.77172579252e-309 16506.0000000000000 19212.0000000000000 18929.0000000000000 18061.0000000000000
median        NA 1.58115845012e-313     0.0000000000000     0.0000000000000     0.0000000000000     0.0000000000000
mean          NA 1.36323322474e-313     0.8118237261460     0.9449144206177     0.9309954751131     0.8883041510919
SE.mean       NA  0.00000000000e+00     0.0151604032480     0.0182306561400     0.0168047993172     0.0155959397974
CI.mean       NA  0.00000000000e+00     0.0297156134139     0.0357335567714     0.0329387623693     0.0305693001871
var           NA  0.00000000000e+00     4.6730626912712     6.7574789312425     5.7417828267957     4.9454202315247
std.dev       NA  0.00000000000e+00     2.1617267846033     2.5995151338745     2.3962017500193     2.2238300815316
coef.var      NA  0.00000000000e+00     2.6628031615506     2.7510588018913     2.5738060109564     2.5034556900338
                  total_2019          total_2020          total_2021          total_2022            fatal2015
nbr.val  20332.0000000000000 20332.0000000000000 20332.0000000000000 20332.0000000000000 20332.00000000000000
nbr.null 14064.0000000000000 12973.0000000000000 12580.0000000000000 12649.0000000000000 17402.00000000000000
nbr.na       0.0000000000000     0.0000000000000     0.0000000000000     0.0000000000000     0.00000000000000
min          0.0000000000000     0.0000000000000     0.0000000000000     0.0000000000000     0.00000000000000
max         47.0000000000000    66.0000000000000    58.0000000000000    76.0000000000000    19.00000000000000
range       47.0000000000000    66.0000000000000    58.0000000000000    76.0000000000000    19.00000000000000
sum      19361.0000000000000 27845.0000000000000 29579.0000000000000 27515.0000000000000  4572.00000000000000
median       0.0000000000000     0.0000000000000     0.0000000000000     0.0000000000000     0.00000000000000
mean         0.9522427700177     1.3695160338383     1.4548003147747     1.3532854613417     0.22486720440685
SE.mean      0.0163101172636     0.0226559146744     0.0233295239273     0.0211695326642     0.00479441882871
CI.mean      0.0319691456363     0.0444074205013     0.0457277489796     0.0414939918491     0.00939744768842
var          5.4087171181785    10.4362218305923    11.0660302734385     9.1117677699662     0.46736054013339
std.dev      2.3256648765844     3.2305141743370     3.3265643347812     3.0185704845119     0.68363772579736
coef.var     2.4423024776982     2.3588728386648     2.2866123281643     2.2305497034743     3.04018421717234
                   fatal2016            fatal2017            fatal2018            fatal2019            fatal2020
nbr.val  20332.0000000000000 20332.00000000000000 20332.00000000000000 20332.00000000000000 20332.00000000000000
nbr.null 17073.0000000000000 17161.00000000000000 17204.00000000000000 17051.00000000000000 16171.00000000000000
nbr.na       0.0000000000000     0.00000000000000     0.00000000000000     0.00000000000000     0.00000000000000
min          0.0000000000000     0.00000000000000     0.00000000000000     0.00000000000000     0.00000000000000
max         53.0000000000000     9.00000000000000    11.00000000000000    23.00000000000000    15.00000000000000
range       53.0000000000000     9.00000000000000    11.00000000000000    23.00000000000000    15.00000000000000
sum       5338.0000000000000  5209.00000000000000  4893.00000000000000  5191.00000000000000  7382.00000000000000
median       0.0000000000000     0.00000000000000     0.00000000000000     0.00000000000000     0.00000000000000
mean         0.2625418060201     0.25619712768050     0.24065512492622     0.25531182372615     0.36307298839268
SE.mean      0.0057650231781     0.00519789382351     0.00484999530865     0.00517438577269     0.00651615416503
CI.mean      0.0112999105156     0.01018829122811     0.00950638207268     0.01014221355201     0.01277218784661
var          0.6757440283048     0.54933201327590     0.47825854477084     0.54437441950900     0.86330211006272
std.dev      0.8220365127565     0.74116935532704     0.69156239398253     0.73781733478484     0.92914052223693
coef.var     3.1310690103717     2.89296512430588     2.87366576628913     2.88986747271150     2.55910120538084
                    fatal2021            fatal2022        nonfatal2015        nonfatal2016        nonfatal2017
nbr.val  20332.00000000000000 20332.00000000000000 20332.0000000000000 20332.0000000000000 20332.0000000000000
nbr.null 15852.00000000000000 15980.00000000000000 15816.0000000000000 15534.0000000000000 15434.0000000000000
nbr.na       0.00000000000000     0.00000000000000     0.0000000000000     0.0000000000000     0.0000000000000
min          0.00000000000000     0.00000000000000     0.0000000000000     0.0000000000000     0.0000000000000
max         15.00000000000000    16.00000000000000    69.0000000000000    54.0000000000000    42.0000000000000
range       15.00000000000000    16.00000000000000    69.0000000000000    54.0000000000000    42.0000000000000
sum       8018.00000000000000  7584.00000000000000 11934.0000000000000 13874.0000000000000 13720.0000000000000
median       0.00000000000000     0.00000000000000     0.0000000000000     0.0000000000000     0.0000000000000
mean         0.39435372811332     0.37300806610270     0.5869565217391     0.6823726145977     0.6747983474326
SE.mean      0.00681702793149     0.00648252685877     0.0120619311107     0.0143098721961     0.0133632172871
CI.mean      0.01336192470151     0.01270627561349     0.0236423580592     0.0280485039366     0.0261929839447
var          0.94486605715348     0.85441477677818     2.9581063828422     4.1634332962015     3.6307986165572
std.dev      0.97204220955341     0.92434559380038     1.7199146440571     2.0404492878289     1.9054654592926
coef.var     2.46489925226241     2.47808473274649     2.9302249491344     2.9902273980206     2.8237553730567
                nonfatal2018        nonfatal2019        nonfatal2020        nonfatal2021        nonfatal2022
nbr.val  20332.0000000000000 20332.0000000000000 20332.0000000000000 20332.0000000000000 20332.0000000000000
nbr.null 15450.0000000000000 15155.0000000000000 14120.0000000000000 13891.0000000000000 13945.0000000000000
nbr.na       0.0000000000000     0.0000000000000     0.0000000000000     0.0000000000000     0.0000000000000
min          0.0000000000000     0.0000000000000     0.0000000000000     0.0000000000000     0.0000000000000
max         42.0000000000000    29.0000000000000    58.0000000000000    48.0000000000000    60.0000000000000
range       42.0000000000000    29.0000000000000    58.0000000000000    48.0000000000000    60.0000000000000
sum      13168.0000000000000 14170.0000000000000 20463.0000000000000 21561.0000000000000 19931.0000000000000
median       0.0000000000000     0.0000000000000     0.0000000000000     0.0000000000000     0.0000000000000
mean         0.6476490261657     0.6969309462916     1.0064430454456     1.0604465866614     0.9802773952390
SE.mean      0.0125236573251     0.0128746213860     0.0181660413926     0.0186291929839     0.0167626326052
CI.mean      0.0245473786887     0.0252352965616     0.0356069066537     0.0365147211369     0.0328561122120
var          3.1889113975432     3.3701484674167     6.7096628774309     7.0561561725932     5.7130043399484
std.dev      1.7857523337639     1.8357964123009     2.5903016962182     2.6563426308730     2.3901891849702
coef.var     2.7572840560516     2.6341152191179     2.5737191070473     2.5049282672840     2.4382783858719
                    CDIS_2015            CDIS_2016            CDIS_2017            CDIS_2018            CDIS_2019
nbr.val   20190.0000000000000  20189.0000000000000  20213.0000000000000  20206.0000000000000  20211.0000000000000
nbr.null     85.0000000000000     79.0000000000000     72.0000000000000     67.0000000000000     71.0000000000000
nbr.na      142.0000000000000    143.0000000000000    119.0000000000000    126.0000000000000    121.0000000000000
min           0.0000000000000      0.0000000000000      0.0000000000000      0.0000000000000      0.0000000000000
max          66.6666666666667     66.6666666666667     64.6914831797282     66.6666666666667     67.3333333333334
range        66.6666666666667     66.6666666666667     64.6914831797282     66.6666666666667     67.3333333333334
sum      278564.4026678726659 270676.2727927019587 261701.5098380334966 253273.0290691828122 244400.6240408607118
median       12.0165394147237     11.6384664376577     11.1840755144755     10.8258415857951     10.4078864256541
mean         13.7971472346643     13.4071163897519     12.9471879403371     12.5345456334348     12.0924557934224
SE.mean       0.0573229466324      0.0560003904331      0.0544062977024      0.0529293386469      0.0513445283815
CI.mean       0.1123576469113      0.1097653293056      0.1066407700418      0.1037458122787      0.1006394536609
var          66.3427290523385     63.3135868379727     59.8313942275954     56.6074098591799     53.2814628798558
std.dev       8.1451046065928      7.9569835263102      7.7350755799537      7.5237895942922      7.2994152423229
coef.var      0.5903470092809      0.5934895539799      0.5974328646188      0.6002443019732      0.6036338165729
                    CDIS_2020            CDIS_2021            CDIS_2022        prowhite_2015     prohispanic_2015
nbr.val   20082.0000000000000  20084.0000000000000  20096.0000000000000 20190.00000000000000 20190.00000000000000
nbr.null     88.0000000000000     86.0000000000000     90.0000000000000   189.00000000000000   445.00000000000000
nbr.na      250.0000000000000    248.0000000000000    236.0000000000000   142.00000000000000   142.00000000000000
min           0.0000000000000      0.0000000000000      0.0000000000000     0.00000000000000     0.00000000000000
max          66.6666666666667     66.6666666666667     66.6666666666667     1.00000000000000     1.00000000000000
range        66.6666666666667     66.6666666666667     66.6666666666667     1.00000000000000     1.00000000000000
sum      236448.6157208582154 236273.0600333897164 234607.1134082501521  8442.17691595228644  5054.84384767226857
median       10.1209516127904     10.1272291342417     10.0919888019562     0.41184721622788     0.14464121520481
mean         11.7741567433950     11.7642431803122     11.6743189395029     0.41813654858605     0.25036373688322
SE.mean       0.0513740431462      0.0508274799357      0.0501726492478     0.00208510970082     0.00180752669187
CI.mean       0.1006973437449      0.0996260343668      0.0983425089076     0.00408698493884     0.00354289961977
var          53.0022681531337     51.8856626804968     50.5875549451860     0.08777970895758     0.06596381385730
std.dev       7.2802656650107      7.2031703214971      7.1124928783926     0.29627640634647     0.25683421473257
coef.var      0.6183258660196      0.6122935586330      0.6092426389282     0.70856376307774     1.02584430928336
                problack_2015        prowhite_2016     prohispanic_2016        problack_2016        prowhite_2017
nbr.val  20190.00000000000000 20189.00000000000000 20189.00000000000000 20189.00000000000000 20213.00000000000000
nbr.null   754.00000000000000   169.00000000000000   411.00000000000000   715.00000000000000   164.00000000000000
nbr.na     142.00000000000000   143.00000000000000   143.00000000000000   143.00000000000000   119.00000000000000
min          0.00000000000000     0.00000000000000     0.00000000000000     0.00000000000000     0.00000000000000
max          1.00000000000000     1.00000000000000     1.00000000000000     1.00000000000000     1.00000000000000
range        1.00000000000000     1.00000000000000     1.00000000000000     1.00000000000000     1.00000000000000
sum       4292.90440982390191  8388.50586142617794  5089.80801302207874  4281.42083693754739  8323.48006395218181
median       0.07988755003764     0.40789181999557     0.14728906929545     0.08156558111742     0.40326773115485
mean         0.21262528032808     0.41549882913597     0.25210798023786     0.21206700861546     0.41178845613972
SE.mean      0.00195929273649     0.00207396069948     0.00180982506467     0.00194907984347     0.00205829874963
CI.mean      0.00384037343534     0.00406513199969     0.00354740462830     0.00382035534407     0.00403443301430
var          0.07750593787021     0.08683920781330     0.06612839851266     0.07669623913713     0.08563426932166
std.dev      0.27839888266696     0.29468492973565     0.25715442541915     0.27694085855491     0.29263333597124
coef.var     1.30934046147945     0.70923167304332     1.02001699897217     1.30591203395092     0.71063996964488
             prohispanic_2017        problack_2017        prowhite_2018     prohispanic_2018        problack_2018
nbr.val  20213.00000000000000 20213.00000000000000 20206.00000000000000 20206.00000000000000 20206.00000000000000
nbr.null   384.00000000000000   701.00000000000000   166.00000000000000   351.00000000000000   684.00000000000000
nbr.na     119.00000000000000   119.00000000000000   126.00000000000000   126.00000000000000   126.00000000000000
min          0.00000000000000     0.00000000000000     0.00000000000000     0.00000000000000     0.00000000000000
max          1.00000000000000     1.00000000000000     1.00000000000000     1.00000000000000     1.00000000000000
range        1.00000000000000     1.00000000000000     1.00000000000000     1.00000000000000     1.00000000000000
sum       5131.07286716580529  4255.07458497538937  8251.33597811567415  5166.70208712139356  4243.96203065795180
median       0.14835238735709     0.08183632734531     0.39718530101642     0.15103591357848     0.08232251402777
mean         0.25385013937396     0.21051177880450     0.40836068386201     0.25570138014062     0.21003474367307
SE.mean      0.00180971898217     0.00193183975045     0.00204249369290     0.00180841644647     0.00192121001733
CI.mean      0.00354719644540     0.00378656308709     0.00400345390026     0.00354464344301     0.00376572802345
var          0.06619924852347     0.07543501345541     0.08429499649090     0.06608109710648     0.07458131448713
std.dev      0.25729214625299     0.27465435269701     0.29033600619093     0.25706243814778     0.27309579727108
coef.var     1.01355920815141     1.30469826561142     0.71097933191101     1.00532284184941     1.30024105771841
                prowhite_2019     prohispanic_2019        problack_2019        prowhite_2020     prohispanic_2020
nbr.val  20207.00000000000000 20207.00000000000000 20207.00000000000000 20082.00000000000000 20082.00000000000000
nbr.null   152.00000000000000   327.00000000000000   665.00000000000000   210.00000000000000   416.00000000000000
nbr.na     125.00000000000000   125.00000000000000   125.00000000000000   250.00000000000000   250.00000000000000
min          0.00000000000000     0.00000000000000     0.00000000000000     0.00000000000000     0.00000000000000
max          1.00000000000000     1.00000000000000     1.00000000000000     1.00000000000000     1.00000000000000
range        1.00000000000000     1.00000000000000     1.00000000000000     1.00000000000000     1.00000000000000
sum       8200.54117115706686  5202.31086634826079  4230.31768709283369  8095.28147680806069  5193.86041024699807
median       0.39039967037495     0.15399120050283     0.08314652537192     0.38817990403320     0.15541495981417
mean         0.40582675167799     0.25745092623092     0.20934912095278     0.40311131743890     0.25863262674270
SE.mean      0.00202513757401     0.00180452576664     0.00190449584875     0.00202770514860     0.00182348407868
CI.mean      0.00396943448265     0.00353701738334     0.00373296688143     0.00397446861989     0.00357417855085
var          0.08287258858735     0.06580032169027     0.07329289937709     0.08256891362286     0.06677454142681
std.dev      0.28787599515650     0.25651573380646     0.27072661372147     0.28734807050485     0.25840770388441
coef.var     0.70935687203028     0.99636749248430     1.29318247188881     0.71282560938865     0.99913033842199
                problack_2020        prowhite_2021     prohispanic_2021        problack_2021        prowhite_2022
nbr.val  20082.00000000000000 20084.00000000000000 20084.00000000000000 20084.00000000000000 20096.00000000000000
nbr.null  1017.00000000000000   209.00000000000000   422.00000000000000  1035.00000000000000   222.00000000000000
nbr.na     250.00000000000000   248.00000000000000   248.00000000000000   248.00000000000000   236.00000000000000
min          0.00000000000000     0.00000000000000     0.00000000000000     0.00000000000000     0.00000000000000
max          1.00000000000000     1.00000000000000     1.00000000000000     1.00000000000000     1.00000000000000
range        1.00000000000000     1.00000000000000     1.00000000000000     1.00000000000000     1.00000000000000
sum       4142.96048921317015  7991.66998389315813  5260.16587567321039  4108.76366804669578  7898.81215510006405
median       0.08061233403094     0.38210571071083     0.15945408824464     0.08041850721409     0.37445783406121
mean         0.20630218550011     0.39791226767044     0.26190827901181     0.20457895180475     0.39305394880076
SE.mean      0.00189967081534     0.00200540759257     0.00182600388609     0.00188033123995     0.00198104063724
CI.mean      0.00372351081168     0.00393076355525     0.00357911755885     0.00368560363349     0.00388300218216
var          0.07247090156817     0.08077101165407     0.06696588421674     0.07100990566650     0.07886719424045
std.dev      0.26920420050246     0.28420241317426     0.25877767333512     0.26647683889317     0.28083303623408
coef.var     1.30490232010807     0.71423385571425     0.98804693884248     1.30256234349804     0.71448979736986
             prohispanic_2022        problack_2022    f_m_sexratio_2015    f_m_sexratio_2016    f_m_sexratio_2017
nbr.val  20096.00000000000000 20096.00000000000000 20180.00000000000000 20179.00000000000000 20202.00000000000000
nbr.null   431.00000000000000  1011.00000000000000    17.00000000000000    19.00000000000000    14.00000000000000
nbr.na     236.00000000000000   236.00000000000000   152.00000000000000   153.00000000000000   130.00000000000000
min          0.00000000000000     0.00000000000000     0.00000000000000     0.00000000000000     0.00000000000000
max          1.00000000000000     1.00000000000000     8.75000000000000     9.25000000000000     4.60000000000000
range        1.00000000000000     1.00000000000000     8.75000000000000     9.25000000000000     4.60000000000000
sum       5305.22642626364723  4077.62626366932273 21366.35156602698407 21345.83800288207203 21347.39870415870610
median       0.16197640535071     0.08075816874229     1.04746198669851     1.04729729729730     1.04561314565191
mean         0.26399414939608     0.20290735786571     1.05878848196368     1.05782437201457     1.05669729255315
SE.mean      0.00181996562588     0.00185822207371     0.00148009727954     0.00148798860537     0.00137823752446
CI.mean      0.00356728194460     0.00364226772108     0.00290111137407     0.00291657902492     0.00270145777067
var          0.06656347597578     0.06939127247519     0.04420808297053     0.04467852750025     0.03837448028856
std.dev      0.25799898444719     0.26342223231000     0.21025718292255     0.21137295829942     0.19589405373457
coef.var     0.97729053858727     1.29823893564443     0.19858280147948     0.19981857470051     0.18538332133061
            f_m_sexratio_2018    f_m_sexratio_2019    f_m_sexratio_2020    f_m_sexratio_2021    f_m_sexratio_2022
nbr.val  20197.00000000000000 20199.00000000000000 20073.00000000000000 20075.00000000000000 20090.00000000000000
nbr.null    22.00000000000000    25.00000000000000    25.00000000000000    27.00000000000000    33.00000000000000
nbr.na     135.00000000000000   133.00000000000000   259.00000000000000   257.00000000000000   242.00000000000000
min          0.00000000000000     0.00000000000000     0.00000000000000     0.00000000000000     0.00000000000000
max          6.07692307692308     5.64285714285714     5.25000000000000     4.72727272727273    20.50000000000000
range        6.07692307692308     5.64285714285714     5.25000000000000     4.72727272727273    20.50000000000000
sum      21336.77832684496752 21335.37112645550951 21348.07677319140203 21169.69120573059627 21106.49723155476022
median       1.04396728016360     1.04318936877076     1.04304998175848     1.03211614606247     1.02768867781884
mean         1.05643305079195     1.05625878144737     1.06352198342009     1.05453007251460     1.05059717429342
SE.mean      0.00143473654459     0.00142889835597     0.00166099691236     0.00167188773965     0.00195353691037
CI.mean      0.00281220049228     0.00280075715040     0.00325569044834     0.00327703734513     0.00382909268986
var          0.04157489743148     0.04124131858557     0.05537961534160     0.05611381292565     0.07666959678496
std.dev      0.20389923352352     0.20307958682637     0.23532873887734     0.23688354296078     0.27689275321857
coef.var     0.19300724581711     0.19226309915085     0.22127303670824     0.22463422251763     0.26355748901075
         pctYoungMale1524_2015 pctLivingAlone_2015   PublicAssist_2015         totalpop_2015     RentBurden_2015
nbr.val    20190.0000000000000  20133.000000000000 20133.0000000000000    20301.000000000000  20107.000000000000
nbr.null      90.0000000000000     35.000000000000  2162.0000000000000      111.000000000000    113.000000000000
nbr.na       142.0000000000000    199.000000000000   199.0000000000000       31.000000000000    225.000000000000
min            0.0000000000000      0.000000000000     0.0000000000000        0.000000000000      0.000000000000
max           85.0096740722656    100.000000000000   100.0000000000000    53812.000000000000    100.000000000000
range         85.0096740722656    100.000000000000   100.0000000000000    53812.000000000000    100.000000000000
sum       145663.6226114705205 620675.575068354723 75273.1541828699410 91848855.000000000000 992075.381514907000
median         6.5784196853638     29.454305648804     2.4169185161591     4113.000000000000     50.053077697754
mean           7.2146420312764     30.828767449876     3.7387947242274     4524.351263484557     49.339801139648
SE.mean        0.0340665883506      0.098827664430     0.0292131869421       18.247119384222      0.100835437126
CI.mean        0.0667732894109      0.193710309089     0.0572602368442       35.765829309926      0.197645723231
var           23.4311500009173    196.637143799036    17.1817093950423  6759367.483553699218    204.443660643821
std.dev        4.8405733132468     14.022736672955     4.1450825558778     2599.878359376396     14.298379650989
coef.var       0.6709374203546      0.454858816388     1.1086681301377        0.574641138136      0.289794026744
         pctYoungMale1524_2016 pctLivingAlone_2016   PublicAssist_2016         totalpop_2016      RentBurden_2016
nbr.val    20189.0000000000000  20134.000000000000 20134.0000000000000    20301.000000000000  20103.0000000000000
nbr.null      90.0000000000000     37.000000000000  2191.0000000000000      112.000000000000    100.0000000000000
nbr.na       143.0000000000000    198.000000000000   198.0000000000000       31.000000000000    229.0000000000000
min            0.0000000000000      0.000000000000     0.0000000000000        0.000000000000      0.0000000000000
max           84.1593780517578    100.000000000000   100.0000000000000    61133.000000000000    100.0000000000000
range         84.1593780517578    100.000000000000   100.0000000000000    61133.000000000000    100.0000000000000
sum       143539.2609837912023 621125.068012714502 72185.9939655922353 92936186.000000000000 978818.9217541218968
median         6.4516129493713     29.510131835938     2.3321995735169     4156.000000000000     49.2743110656738
mean           7.1097756691164     30.849561339660     3.5852783334455     4577.911728486281     48.6901916009611
SE.mean        0.0340082034006      0.098425884848     0.0281785934426       18.881115758148      0.0992265405641
CI.mean        0.0666588503489      0.192922787655     0.0552323487622       37.008513462722      0.1944921564021
var           23.3497474136182    195.051241906413    15.9870630073202  7237236.101665884256    197.9322554004845
std.dev        4.8321576354273     13.966074677819     3.9983825488965     2690.211163025290     14.0688398740083
coef.var       0.6796498033570      0.452715502955     1.1152223557087        0.587650291788      0.2889460774628
         pctYoungMale1524_2017  PctLivingAlone_2017   PublicAssist_2017        totalpop_2017     RentBurden_2017
nbr.val    20213.0000000000000  20158.0000000000000 20158.0000000000000    20332.00000000000  20130.000000000000
nbr.null      84.0000000000000     37.0000000000000  2348.0000000000000      119.00000000000     91.000000000000
nbr.na       119.0000000000000    174.0000000000000   174.0000000000000        0.00000000000    202.000000000000
min            0.0000000000000      0.0000000000000     0.0000000000000        0.00000000000      0.000000000000
max           85.3526229858399    100.0000000000000    55.5555572509766    65528.00000000000    100.000000000000
range         85.3526229858399    100.0000000000000    55.5555572509766    65528.00000000000    100.000000000000
sum       140877.6363421026617 621248.7552801967831 69070.4677418321371 94473501.00000000000 970622.113327086088
median         6.3169770240784     29.5804080963134     2.2236279249191     4190.00000000000     48.615985870361
mean           6.9696549914462     30.8189679174619     3.4264543973525     4646.54244540626     48.217690676954
SE.mean        0.0337510869454      0.0974954901786     0.0270890261935       19.52570038779      0.099497341077
CI.mean        0.0661548764316      0.1910991242972     0.0530967040031       38.27194797320      0.195022931862
var           23.0253533402491    191.6092606589997    14.7922496260125  7751635.50058381818    199.281381342594
std.dev        4.7984740637258     13.8422996882382     3.8460693735309     2784.17591049557     14.116705753914
coef.var       0.6884808601882      0.4491487101486     1.1224633184970        0.59919304369      0.292770258296
         pctYoungMale1524_2018  pctLivingAlone_2018   PublicAssist_2018         totalpop_2018      RentBurden_2018
nbr.val    20206.0000000000000  20148.0000000000000 20148.0000000000000    20332.000000000000  20125.0000000000000
nbr.null      79.0000000000000     37.0000000000000  2491.0000000000000      126.000000000000    111.0000000000000
nbr.na       126.0000000000000    184.0000000000000   184.0000000000000        0.000000000000    207.0000000000000
min            0.0000000000000      0.0000000000000     0.0000000000000        0.000000000000      0.0000000000000
max           92.5925903320313    100.0000000000000    53.4482765197754    70271.000000000000    100.0000000000000
range         92.5925903320313    100.0000000000000    53.4482765197754    70271.000000000000    100.0000000000000
sum       138663.0292591303587 621663.5266691596480 65828.6492953822017 95317090.000000000000 964562.9726207257481
median         6.1889252662659     29.6634664535522     2.0805052518845     4212.000000000000     48.4762573242188
mean           6.8624680421227     30.8548504402005     3.2672547794015     4688.033149714735     47.9285949128311
SE.mean        0.0340146265110      0.0969730068424     0.0263478548775       20.209997745604      0.0995918266379
CI.mean        0.0666714368052      0.1900750199467     0.0516439492233       39.613225999415      0.1952081342113
var           23.3782372658556    189.4670382016095    13.9869321325448  8304483.588493290357    199.6104551530573
std.dev        4.8351046799274     13.7647026194397     3.7399107118412     2881.750091262823     14.1283564207963
coef.var       0.7045722690800      0.4461114678263     1.1446645469523        0.614703437291      0.2947792741784
         pctYoungMale1524_2019 pctLivingAlone_2019   PublicAssist_2019         totalpop_2019     RentBurden_2019
nbr.val    20207.0000000000000  20155.000000000000 20155.0000000000000    20332.000000000000  20128.000000000000
nbr.null      82.0000000000000     40.000000000000  2774.0000000000000      125.000000000000    124.000000000000
nbr.na       125.0000000000000    177.000000000000   177.0000000000000        0.000000000000    204.000000000000
min            0.0000000000000      0.000000000000     0.0000000000000        0.000000000000      0.000000000000
max          100.0000000000000    100.000000000000    50.0000000000000    72041.000000000000    100.000000000000
range        100.0000000000000    100.000000000000    50.0000000000000    72041.000000000000    100.000000000000
sum       136562.4741690158844 624491.200659096357 63052.4894831515921 96188397.000000000000 951519.409635424730
median         6.0644345283508     29.728166580200     1.9746121168137     4234.000000000000     47.804878234863
mean           6.7581765808391     30.984430695068     3.1283795327785     4730.887123745820     47.273420589995
SE.mean        0.0342055050558      0.097594367972     0.0254565442576       20.955562010537      0.099282126115
CI.mean        0.0670455740921      0.191292934559     0.0498969065117       41.074592106213      0.194601094085
var           23.6425249536674    191.969535599499    13.0611584358732  8928504.595836358145    198.400499710583
std.dev        4.8623579623129     13.855307127577     3.6140224730725     2988.060340059477     14.085471227850
coef.var       0.7194777917018      0.447169975913     1.1552378588357        0.631606770971      0.297957521416
         pctYoungMale1524_2020 pctLivingAlone_2020   PublicAssist_2020         totalpop_2020     RentBurden_2020
nbr.val    20082.0000000000000  20005.000000000000 20005.0000000000000    20332.000000000000  19951.000000000000
nbr.null     152.0000000000000     57.000000000000  3736.0000000000000      250.000000000000    216.000000000000
nbr.na       250.0000000000000    327.000000000000   327.0000000000000        0.000000000000    381.000000000000
min            0.0000000000000      0.000000000000     0.0000000000000        0.000000000000      0.000000000000
max          100.0000000000000    100.000000000000   100.0000000000000    19704.000000000000    100.000000000000
range        100.0000000000000    100.000000000000   100.0000000000000    19704.000000000000    100.000000000000
sum       133543.8817872144282 622445.136191845057 64485.0419979095532 77221830.000000000000 936353.965699225781
median         5.8657650947571     29.608514785767     2.0000000000000     3620.000000000000     47.668392181396
mean           6.6499293789072     31.114478190045     3.2234462383359     3798.043970096400     46.932683359191
SE.mean        0.0361968765215      0.104594880441     0.0278046927795       12.384260240606      0.113008160289
CI.mean        0.0709488507106      0.205014603260     0.0544994939993       24.274149157359      0.221505362822
var           26.3117149356534    218.856480734929    15.4658843159584  3118316.841507586185    254.791114468390
std.dev        5.1294946082098     14.793798725646     3.9326688540937     1765.875658563645     15.962177623006
coef.var       0.7713607642932      0.475463500795     1.2200199920579        0.464943447856      0.340107926513
         pctYoungMale1524_2021 pctLivingAlone_2021   PublicAssist_2021         totalpop_2021     RentBurden_2021
nbr.val    20084.0000000000000  20013.000000000000  20013.000000000000    20332.000000000000  19958.000000000000
nbr.null     177.0000000000000     55.000000000000    644.000000000000      248.000000000000    242.000000000000
nbr.na       248.0000000000000    319.000000000000    319.000000000000        0.000000000000    374.000000000000
min            0.0000000000000      0.000000000000      0.000000000000        0.000000000000      0.000000000000
max          100.0000000000000    100.000000000000    100.000000000000    27839.000000000000    100.000000000000
range        100.0000000000000    100.000000000000    100.000000000000    27839.000000000000    100.000000000000
sum       132415.3705058936030 626708.260012567160 326453.081326332001 77715464.000000000000 942102.430920601008
median         5.8156840801239     29.793510437012     12.282398223877     3639.000000000000     47.811260223389
mean           6.5930775993773     31.315058212790     16.312051233015     3822.322644107810     47.204250472021
SE.mean        0.0359500474508      0.104934669816      0.101104613637       12.676682817506      0.114631844112
CI.mean        0.0704650450377      0.205680613519      0.198173387299       24.847320998935      0.224687912940
var           25.9566803309173    220.368845290349    204.575745830324  3267317.576481956057    262.257294382110
std.dev        5.0947698997028     14.844825539236     14.302997791733     1807.572288037730     16.194359955926
coef.var       0.7727453261257      0.474047515363      0.876836247472        0.472898929876      0.343069952260
         pctYoungMale1524_2022 pctLivingAlone_2022   PublicAssist_2022         totalpop_2022     RentBurden_2022
nbr.val     20096.000000000000  20022.000000000000 20022.0000000000000    20332.000000000000  19978.000000000000
nbr.null      172.000000000000     52.000000000000  2980.0000000000000      236.000000000000    225.000000000000
nbr.na        236.000000000000    310.000000000000   310.0000000000000        0.000000000000    354.000000000000
min             0.000000000000      0.000000000000     0.0000000000000        0.000000000000      0.000000000000
max           100.000000000000    100.000000000000    78.9473648071289    28999.000000000000    100.000000000000
range         100.000000000000    100.000000000000    78.9473648071289    28999.000000000000    100.000000000000
sum        135247.309156335890 632006.266149222967 70878.5285598859336 77754672.000000000000 951672.112472504494
median          5.951844215393     30.040435791016     2.3514109849930     3636.000000000000     48.203559875488
mean            6.730061164228     31.565591157188     3.5400323923627     3824.251032854614     47.636005229378
SE.mean         0.036541185489      0.105453182841     0.0282836277609       12.807819285606      0.114022239767
CI.mean         0.071623721556      0.206696936223     0.0554382432656       25.104359055692      0.223493024341
var            26.833349529618    222.652123648123    16.0168711854967  3335266.055025739595    259.735399663038
std.dev         5.180091652627     14.921532215162     4.0021083425485     1826.271079283067     16.116308499872
coef.var        0.769694587645      0.472715120108     1.1305287350429        0.477549999619      0.338321998712
               GunS_Open_2015      GunS_Closed_2015       GunS_Open_2016      GunS_Closed_2016        GunS_Open_2017
nbr.val  20298.00000000000000 20298.000000000000000 20298.00000000000000 20298.000000000000000 20298.000000000000000
nbr.null 19341.00000000000000 20140.000000000000000 20086.00000000000000 20083.000000000000000 20055.000000000000000
nbr.na      34.00000000000000    34.000000000000000    34.00000000000000    34.000000000000000    34.000000000000000
min          0.00000000000000     0.000000000000000     0.00000000000000     0.000000000000000     0.000000000000000
max          1.00000000000000     1.000000000000000     1.00000000000000     1.000000000000000     1.000000000000000
range        1.00000000000000     1.000000000000000     1.00000000000000     1.000000000000000     1.000000000000000
sum        957.00000000000000   158.000000000000000   212.00000000000000   215.000000000000000   243.000000000000000
median       0.00000000000000     0.000000000000000     0.00000000000000     0.000000000000000     0.000000000000000
mean         0.04714750221697     0.007784018129865     0.01044437875653     0.010592176569120     0.011971622819982
SE.mean      0.00148773731954     0.000616863541029     0.00071358462749     0.000718562171326     0.000763387942183
CI.mean      0.00291608545860     0.001209102425750     0.00139868357698     0.001408439965430     0.001496302101339
var          0.04492682861400     0.007723807712247     0.01033580291194     0.010480498696243     0.011828885828189
std.dev      0.21195949757914     0.087885196206456     0.10166515092173     0.102374306816910     0.108760681444117
coef.var     4.49566758815185    11.290466535434403     9.73395864815714     9.665086882649451     9.084873711739421
             GunS_Closed_2017       GunS_Open_2018      GunS_Closed_2018        GunS_Open_2019      GunS_Closed_2019
nbr.val  20298.00000000000000 20298.00000000000000 20298.000000000000000 20298.000000000000000 20298.000000000000000
nbr.null 19646.00000000000000 19680.00000000000000 20041.000000000000000 20094.000000000000000 20053.000000000000000
nbr.na      34.00000000000000    34.00000000000000    34.000000000000000    34.000000000000000    34.000000000000000
min          0.00000000000000     0.00000000000000     0.000000000000000     0.000000000000000     0.000000000000000
max          1.00000000000000     1.00000000000000     1.000000000000000     1.000000000000000     1.000000000000000
range        1.00000000000000     1.00000000000000     1.000000000000000     1.000000000000000     1.000000000000000
sum        652.00000000000000   618.00000000000000   257.000000000000000   204.000000000000000   245.000000000000000
median       0.00000000000000     0.00000000000000     0.000000000000000     0.000000000000000     0.000000000000000
mean         0.03212139127008     0.03044634939403     0.012661345945413     0.010050251256281     0.012070154695044
SE.mean      0.00123763246682     0.00120597307185     0.000784796543591     0.000700130679388     0.000766484796796
CI.mean      0.00242585972145     0.00236380474705     0.001538264691399     0.001372312750690     0.001502372186822
var          0.03109113922707     0.02952082357366     0.012501652169879     0.009949733888935     0.011925053559625
std.dev      0.17632679667899     0.17181624944590     0.111810787359175     0.099748352813143     0.109201893571610
coef.var     5.48938852605846     5.64324632888815     8.830876894227792     9.924961104907723     9.047265451904259
               GunS_Open_2020     GunS_Closed_2020       GunS_Open_2021     GunS_Closed_2021       GunS_Open_2022
nbr.val  20298.00000000000000 20298.00000000000000 20298.00000000000000 20298.00000000000000 20298.00000000000000
nbr.null 19607.00000000000000 17760.00000000000000 17826.00000000000000 19600.00000000000000 20020.00000000000000
nbr.na      34.00000000000000    34.00000000000000    34.00000000000000    34.00000000000000    34.00000000000000
min          0.00000000000000     0.00000000000000     0.00000000000000     0.00000000000000     0.00000000000000
max          1.00000000000000     1.00000000000000     1.00000000000000     1.00000000000000     1.00000000000000
range        1.00000000000000     1.00000000000000     1.00000000000000     1.00000000000000     1.00000000000000
sum        691.00000000000000  2538.00000000000000  2472.00000000000000   698.00000000000000   278.00000000000000
median       0.00000000000000     0.00000000000000     0.00000000000000     0.00000000000000     0.00000000000000
mean         0.03404276283378     0.12503694945315     0.12178539757612     0.03438762439649     0.01369593063356
SE.mean      0.00127284471622     0.00232165730896     0.00229552491198     0.00127904720485     0.00081580292948
CI.mean      0.00249487857786     0.00455063607639     0.00449941446502     0.00250703595717     0.00159903971521
var          0.03288547326609     0.10940810081726     0.10695898394796     0.03320675164661     0.01350901765206
std.dev      0.18134352281262     0.33076895382919     0.32704584380170     0.18222719787839     0.11622829970390
coef.var     5.32693317807609     2.64536967093182     2.68542740189598     5.29920868558106     8.48633822802099
              GunS_Closed_2022
nbr.val  20298.000000000000000
nbr.null 20054.000000000000000
nbr.na      34.000000000000000
min          0.000000000000000
max          1.000000000000000
range        1.000000000000000
sum        244.000000000000000
median       0.000000000000000
mean         0.012020888757513
SE.mean      0.000764938014859
CI.mean      0.001499340369137
var          0.011876972121159
std.dev      0.108981521925321
coef.var     9.066012016558021
