         gisjoin         geoid_2020          total_2015          total_2016          total_2017          total_2018          total_2019          total_2020
nbr.val       NA  2.03320000000e+04 20332.0000000000000 20332.0000000000000 20332.0000000000000 20332.0000000000000 20332.0000000000000 20332.0000000000000
nbr.null      NA  0.00000000000e+00 14734.0000000000000 14424.0000000000000 14347.0000000000000 14370.0000000000000 14064.0000000000000 12973.0000000000000
nbr.na        NA  0.00000000000e+00     0.0000000000000     0.0000000000000     0.0000000000000     0.0000000000000     0.0000000000000     0.0000000000000
min           NA 5.30132487394e-315     0.0000000000000     0.0000000000000     0.0000000000000     0.0000000000000     0.0000000000000     0.0000000000000
max           NA 2.72131258916e-313    88.0000000000000   107.0000000000000    48.0000000000000    45.0000000000000    47.0000000000000    66.0000000000000
range         NA 2.66829934042e-313    88.0000000000000   107.0000000000000    48.0000000000000    45.0000000000000    47.0000000000000    66.0000000000000
sum           NA 2.77172579252e-309 16506.0000000000000 19212.0000000000000 18929.0000000000000 18061.0000000000000 19361.0000000000000 27845.0000000000000
median        NA 1.58115845012e-313     0.0000000000000     0.0000000000000     0.0000000000000     0.0000000000000     0.0000000000000     0.0000000000000
mean          NA 1.36323322474e-313     0.8118237261460     0.9449144206177     0.9309954751131     0.8883041510919     0.9522427700177     1.3695160338383
SE.mean       NA  0.00000000000e+00     0.0151604032480     0.0182306561400     0.0168047993172     0.0155959397974     0.0163101172636     0.0226559146744
CI.mean       NA  0.00000000000e+00     0.0297156134139     0.0357335567714     0.0329387623693     0.0305693001871     0.0319691456363     0.0444074205013
var           NA  0.00000000000e+00     4.6730626912712     6.7574789312425     5.7417828267957     4.9454202315247     5.4087171181785    10.4362218305923
std.dev       NA  0.00000000000e+00     2.1617267846033     2.5995151338745     2.3962017500193     2.2238300815316     2.3256648765844     3.2305141743370
coef.var      NA  0.00000000000e+00     2.6628031615506     2.7510588018913     2.5738060109564     2.5034556900338     2.4423024776982     2.3588728386648
                  total_2021          total_2022            fatal2015           fatal2016            fatal2017            fatal2018            fatal2019
nbr.val  20332.0000000000000 20332.0000000000000 20332.00000000000000 20332.0000000000000 20332.00000000000000 20332.00000000000000 20332.00000000000000
nbr.null 12580.0000000000000 12649.0000000000000 17402.00000000000000 17073.0000000000000 17161.00000000000000 17204.00000000000000 17051.00000000000000
nbr.na       0.0000000000000     0.0000000000000     0.00000000000000     0.0000000000000     0.00000000000000     0.00000000000000     0.00000000000000
min          0.0000000000000     0.0000000000000     0.00000000000000     0.0000000000000     0.00000000000000     0.00000000000000     0.00000000000000
max         58.0000000000000    76.0000000000000    19.00000000000000    53.0000000000000     9.00000000000000    11.00000000000000    23.00000000000000
range       58.0000000000000    76.0000000000000    19.00000000000000    53.0000000000000     9.00000000000000    11.00000000000000    23.00000000000000
sum      29579.0000000000000 27515.0000000000000  4572.00000000000000  5338.0000000000000  5209.00000000000000  4893.00000000000000  5191.00000000000000
median       0.0000000000000     0.0000000000000     0.00000000000000     0.0000000000000     0.00000000000000     0.00000000000000     0.00000000000000
mean         1.4548003147747     1.3532854613417     0.22486720440685     0.2625418060201     0.25619712768050     0.24065512492622     0.25531182372615
SE.mean      0.0233295239273     0.0211695326642     0.00479441882871     0.0057650231781     0.00519789382351     0.00484999530865     0.00517438577269
CI.mean      0.0457277489796     0.0414939918491     0.00939744768842     0.0112999105156     0.01018829122811     0.00950638207268     0.01014221355201
var         11.0660302734385     9.1117677699662     0.46736054013339     0.6757440283048     0.54933201327590     0.47825854477084     0.54437441950900
std.dev      3.3265643347812     3.0185704845119     0.68363772579736     0.8220365127565     0.74116935532704     0.69156239398253     0.73781733478484
coef.var     2.2866123281643     2.2305497034743     3.04018421717234     3.1310690103717     2.89296512430588     2.87366576628913     2.88986747271150
                    fatal2020            fatal2021            fatal2022        nonfatal2015        nonfatal2016        nonfatal2017        nonfatal2018
nbr.val  20332.00000000000000 20332.00000000000000 20332.00000000000000 20332.0000000000000 20332.0000000000000 20332.0000000000000 20332.0000000000000
nbr.null 16171.00000000000000 15852.00000000000000 15980.00000000000000 15816.0000000000000 15534.0000000000000 15434.0000000000000 15450.0000000000000
nbr.na       0.00000000000000     0.00000000000000     0.00000000000000     0.0000000000000     0.0000000000000     0.0000000000000     0.0000000000000
min          0.00000000000000     0.00000000000000     0.00000000000000     0.0000000000000     0.0000000000000     0.0000000000000     0.0000000000000
max         15.00000000000000    15.00000000000000    16.00000000000000    69.0000000000000    54.0000000000000    42.0000000000000    42.0000000000000
range       15.00000000000000    15.00000000000000    16.00000000000000    69.0000000000000    54.0000000000000    42.0000000000000    42.0000000000000
sum       7382.00000000000000  8018.00000000000000  7584.00000000000000 11934.0000000000000 13874.0000000000000 13720.0000000000000 13168.0000000000000
median       0.00000000000000     0.00000000000000     0.00000000000000     0.0000000000000     0.0000000000000     0.0000000000000     0.0000000000000
mean         0.36307298839268     0.39435372811332     0.37300806610270     0.5869565217391     0.6823726145977     0.6747983474326     0.6476490261657
SE.mean      0.00651615416503     0.00681702793149     0.00648252685877     0.0120619311107     0.0143098721961     0.0133632172871     0.0125236573251
CI.mean      0.01277218784661     0.01336192470151     0.01270627561349     0.0236423580592     0.0280485039366     0.0261929839447     0.0245473786887
var          0.86330211006272     0.94486605715348     0.85441477677818     2.9581063828422     4.1634332962015     3.6307986165572     3.1889113975432
std.dev      0.92914052223693     0.97204220955341     0.92434559380038     1.7199146440571     2.0404492878289     1.9054654592926     1.7857523337639
coef.var     2.55910120538084     2.46489925226241     2.47808473274649     2.9302249491344     2.9902273980206     2.8237553730567     2.7572840560516
                nonfatal2019        nonfatal2020        nonfatal2021        nonfatal2022            CDIS_2015            CDIS_2016           CDIS_2017
nbr.val  20332.0000000000000 20332.0000000000000 20332.0000000000000 20332.0000000000000  20332.0000000000000  20332.0000000000000  20332.000000000000
nbr.null 15155.0000000000000 14120.0000000000000 13891.0000000000000 13945.0000000000000    117.0000000000000     89.0000000000000     84.000000000000
nbr.na       0.0000000000000     0.0000000000000     0.0000000000000     0.0000000000000      0.0000000000000      0.0000000000000      0.000000000000
min          0.0000000000000     0.0000000000000     0.0000000000000     0.0000000000000      0.0000000000000      0.0000000000000      0.000000000000
max         29.0000000000000    58.0000000000000    48.0000000000000    60.0000000000000     66.6666666666667     66.6666666666667     64.691483179728
range       29.0000000000000    58.0000000000000    48.0000000000000    60.0000000000000     66.6666666666667     66.6666666666667     64.691483179728
sum      14170.0000000000000 20463.0000000000000 21561.0000000000000 19931.0000000000000 280373.6919987326255 272835.5364002039423 263071.732495674281
median       0.0000000000000     0.0000000000000     0.0000000000000     0.0000000000000     12.0188211401303     11.6585178375244     11.182880560557
mean         0.6969309462916     1.0064430454456     1.0604465866614     0.9802773952390     13.7897743457964     13.4190210702441     12.938802503230
SE.mean      0.0128746213860     0.0181660413926     0.0186291929839     0.0167626326052      0.0572056664012      0.0558483684163      0.054231625555
CI.mean      0.0252352965616     0.0356069066537     0.0365147211369     0.0328561122120      0.1121277211470      0.1094673075980      0.106298361161
var          3.3701484674167     6.7096628774309     7.0561561725932     5.7130043399484     66.5362314733298     63.4163264597657     59.797819184666
std.dev      1.8357964123009     2.5903016962182     2.6563426308730     2.3901891849702      8.1569744068086      7.9634368497380      7.732904964156
coef.var     2.6341152191179     2.5737191070473     2.5049282672840     2.4382783858719      0.5915234145434      0.5934439485602      0.597652291410
                    CDIS_2018            CDIS_2019           CDIS_2020            CDIS_2021            CDIS_2022        prowhite_2015    prohispanic_2015
nbr.val   20332.0000000000000  20332.0000000000000  20332.000000000000  20332.0000000000000  20332.0000000000000 20332.00000000000000 20332.0000000000000
nbr.null     89.0000000000000     81.0000000000000    130.000000000000    137.0000000000000    131.0000000000000   190.00000000000000   460.0000000000000
nbr.na        0.0000000000000      0.0000000000000      0.000000000000      0.0000000000000      0.0000000000000     0.00000000000000     0.0000000000000
min           0.0000000000000      0.0000000000000      0.000000000000      0.0000000000000      0.0000000000000     0.00000000000000     0.0000000000000
max          66.6666666666667     67.3333333333334     66.666666666667     66.6666666666667     66.6666666666667     1.00000000000000     1.0000000000000
range        66.6666666666667     67.3333333333334     66.666666666667     66.6666666666667     66.6666666666667     1.00000000000000     1.0000000000000
sum      254717.3786968862405 245793.9130532729614 239558.650426117121 238774.6997199766920 237031.7910894379602  8498.34057574823055  5081.8256150955995
median       10.8178762594859     10.4222720464071     10.123002330462     10.1182947158814     10.0823843479156     0.41176952191570     0.1445577038333
mean         12.5279057002206     12.0890179546170     11.782345584601     11.7437881034810     11.6580656644422     0.41797858428823     0.2499422395778
SE.mean       0.0529340772376      0.0511563724778      0.051503484123      0.0505927025160      0.0500385025788     0.00207704899218     0.0017983993271
CI.mean       0.1037550617807      0.1002706170372      0.100950983865      0.0991657784387      0.0980795018525     0.00407118358818     0.0035250077649
var          56.9706001488015     53.2083244174382     53.932843683357     52.0422253113386     50.9083135844601     0.08771494231367     0.0657585705210
std.dev       7.5478871314297      7.2944036368601      7.343898398219      7.2140297553683      7.1350062077380     0.29616708512877     0.2564343395900
coef.var      0.6024859471361      0.6033909176282      0.623296808389      0.6142847343465      0.6120231617412     0.70856999918574     1.0259744012186
                problack_2015        prowhite_2016     prohispanic_2016        problack_2016        prowhite_2017     prohispanic_2017        problack_2017
nbr.val  20332.00000000000000 20332.00000000000000 20332.00000000000000 20332.00000000000000 20332.00000000000000 20332.00000000000000 20332.00000000000000
nbr.null   768.00000000000000   170.00000000000000   424.00000000000000   738.00000000000000   165.00000000000000   391.00000000000000   714.00000000000000
nbr.na       0.00000000000000     0.00000000000000     0.00000000000000     0.00000000000000     0.00000000000000     0.00000000000000     0.00000000000000
min          0.00000000000000     0.00000000000000     0.00000000000000     0.00000000000000     0.00000000000000     0.00000000000000     0.00000000000000
max          1.00000000000000     1.00000000000000     1.00000000000000     1.00000000000000     1.00000000000000     1.00000000000000     1.00000000000000
range        1.00000000000000     1.00000000000000     1.00000000000000     1.00000000000000     1.00000000000000     1.00000000000000     1.00000000000000
sum       4318.59609270151395  8440.07051754675740  5120.34918066897171  4307.19084492150432  8377.82676135321344  5157.74058585887360  4275.04053591402135
median       0.07991488280977     0.40659564689924     0.14727948004554     0.08176495211015     0.40359638538098     0.14842526953183     0.08192016650670
mean         0.21240389989679     0.41511265579120     0.25183696540768     0.21184294928790     0.41205128670830     0.25367600756733     0.21026168286022
SE.mean      0.00194978993352     0.00206626338621     0.00180139244945     0.00193956232033     0.00205115133478     0.00180231032261     0.00192387022925
CI.mean      0.00382174556672     0.00405004293036     0.00353087452616     0.00380169861978     0.00402042209041     0.00353267363160     0.00377094085533
var          0.07729577371739     0.08680634315808     0.06597764003787     0.07648699135100     0.08554123360039     0.06604489304939     0.07525435703093
std.dev      0.27802117494426     0.29462916209716     0.25686112986957     0.27656281628411     0.29247432981441     0.25699200969949     0.27432527596074
coef.var     1.30892688448451     0.70975711770483     1.01995006751197     1.30550871394952     0.70980079239859     1.01307180038021     1.30468505829996
                prowhite_2018     prohispanic_2018        problack_2018        prowhite_2019     prohispanic_2019        problack_2019        prowhite_2020
nbr.val  20332.00000000000000 20332.00000000000000 20332.00000000000000 20332.00000000000000 20332.00000000000000 20332.00000000000000 20332.00000000000000
nbr.null   166.00000000000000   358.00000000000000   690.00000000000000   156.00000000000000   339.00000000000000   675.00000000000000   215.00000000000000
nbr.na       0.00000000000000     0.00000000000000     0.00000000000000     0.00000000000000     0.00000000000000     0.00000000000000     0.00000000000000
min          0.00000000000000     0.00000000000000     0.00000000000000     0.00000000000000     0.00000000000000     0.00000000000000     0.00000000000000
max          1.00000000000000     1.00000000000000     1.00000000000000     1.00000000000000     1.00000000000000     1.00000000000000     1.00000000000000
range        1.00000000000000     1.00000000000000     1.00000000000000     1.00000000000000     1.00000000000000     1.00000000000000     1.00000000000000
sum       8306.96220054603145  5193.31631463747817  4267.77993074759615  8253.00952227460039  5232.32214728162398  4250.31583340848010  8193.65175893209198
median       0.39765593546609     0.15134150001944     0.08257840860571     0.39048389682862     0.15416283715525     0.08326707215558     0.38773921462814
mean         0.40856591582461     0.25542574830993     0.20990458050106     0.40591233141229     0.25734419374787     0.20904563414364     0.40299290571179
SE.mean      0.00203429638847     0.00180005757034     0.00191276697873     0.00201778956839     0.00179746303506     0.00189513183279     0.00201341219520
CI.mean      0.00398738503589     0.00352825805542     0.00374917758857     0.00395503033687     0.00352317255695     0.00371461127982     0.00394645033227
var          0.08414117203904     0.06587989394020     0.07438823123370     0.08278122446056     0.06569011720445     0.07302287946147     0.08242244447297
std.dev      0.29007097758832     0.25667078902789     0.27274205989121     0.28771726479404     0.25630083340569     0.27022745874812     0.28709309373959
coef.var     0.70997351064605     1.00487437435811     1.29936211606316     0.70881627023497     0.99594566200626     1.29267209934863     0.71240235168039
             prohispanic_2020        problack_2020        prowhite_2021     prohispanic_2021        problack_2021        prowhite_2022     prohispanic_2022
nbr.val  20332.00000000000000 20332.00000000000000 20332.00000000000000 20332.00000000000000 20332.00000000000000 20332.00000000000000 20332.00000000000000
nbr.null   437.00000000000000  1030.00000000000000   214.00000000000000   445.00000000000000  1052.00000000000000   231.00000000000000   447.00000000000000
nbr.na       0.00000000000000     0.00000000000000     0.00000000000000     0.00000000000000     0.00000000000000     0.00000000000000     0.00000000000000
min          0.00000000000000     0.00000000000000     0.00000000000000     0.00000000000000     0.00000000000000     0.00000000000000     0.00000000000000
max          1.00000000000000     1.00000000000000     1.00000000000000     1.00000000000000     1.00000000000000     1.00000000000000     1.00000000000000
range        1.00000000000000     1.00000000000000     1.00000000000000     1.00000000000000     1.00000000000000     1.00000000000000     1.00000000000000
sum       5249.95456355237638  4187.75789732065095  8089.02540173400666  5315.56104064381543  4152.58498459871498  7984.55678196961253  5360.88870948365366
median       0.15564000516554     0.08123181720469     0.38215000531968     0.15975571937801     0.08063810981505     0.37358443380047     0.16211714351771
mean         0.25821141862839     0.20596881257725     0.39784700972526     0.26143817827286     0.20423888375953     0.39270887182617     0.26366755407651
SE.mean      0.00180846282346     0.00188139293358     0.00199135876411     0.00181058860958     0.00186351025774     0.00196783833974     0.00180555836665
CI.mean      0.00354473302960     0.00368768192901     0.00390322382820     0.00354889974190     0.00365263044169     0.00385712189896     0.00353904005995
var          0.06649657422063     0.07196794768175     0.08062674377740     0.06665299499213     0.07060633621378     0.07873338735411     0.06628315392444
std.dev      0.25786929677771     0.26826842468272     0.28394848789420     0.25817241330577     0.26571852817178     0.28059470300437     0.25745514934536
coef.var     0.99867503206289     1.30247109417162     0.71371276132070     0.98750846189082     1.30101831385174     0.71451073081072     0.97643849372020
                problack_2022    f_m_sexratio_2015    f_m_sexratio_2016    f_m_sexratio_2017    f_m_sexratio_2018    f_m_sexratio_2019    f_m_sexratio_2020
nbr.val  20332.00000000000000 20332.00000000000000 20332.00000000000000 20332.00000000000000 20332.00000000000000 20332.00000000000000 20332.00000000000000
nbr.null  1035.00000000000000    49.00000000000000    50.00000000000000    18.00000000000000    53.00000000000000    34.00000000000000    37.00000000000000
nbr.na       0.00000000000000     0.00000000000000     0.00000000000000     0.00000000000000     0.00000000000000     0.00000000000000     0.00000000000000
min          0.00000000000000     0.00000000000000     0.00000000000000     0.00000000000000     0.00000000000000     0.00000000000000     0.00000000000000
max          1.00000000000000     8.75000000000000     9.25000000000000     4.60000000000000     6.07692307692308     5.64285714285714     5.25000000000000
range        1.00000000000000     8.75000000000000     9.25000000000000     4.60000000000000     6.07692307692308     5.64285714285714     5.25000000000000
sum       4127.35629202331802 21492.64210071825801 21484.39952011949208 21472.02557207307837 21450.01039580489669 21461.21764882826392 21608.46462099954442
median       0.08112364056713     1.04675419816613     1.04690433563071     1.04519861856564     1.04356481410736     1.04244718498794     1.04288854450724
mean         0.20299804702062     1.05708450229777     1.05667910289787     1.05607050816806     1.05498772357884     1.05553893610212     1.06278106536492
SE.mean      0.00184465632936     0.00156107044339     0.00157963251727     0.00140165897014     0.00152577617927     0.00148701075518     0.00169118489552
CI.mean      0.00361567522105     0.00305982400658     0.00309620716886     0.00274736465867     0.00299064440159     0.00291466104301     0.00331485882960
var          0.06918485478445     0.04954788297290     0.05073319710360     0.03994522046369     0.04733275264375     0.04495813844780     0.05815168232534
std.dev      0.26303014044867     0.22259353758117     0.22524030967746     0.19986300423962     0.21756091708704     0.21203334277373     0.24114659924067
coef.var     1.29572744323962     0.21057307821402     0.21315866762175     0.18925157240336     0.20622127843252     0.20087685590901     0.22690148244019
            f_m_sexratio_2021    f_m_sexratio_2022 pctYoungMale1524_2015  pctLivingAlone_2015   PublicAssist_2015         totalpop_2015      RentBurden_2015
nbr.val  20332.00000000000000 20332.00000000000000   20332.0000000000000  20332.0000000000000 20332.0000000000000    20332.000000000000   20332.000000000000
nbr.null    48.00000000000000    72.00000000000000     117.0000000000000     49.0000000000000  2206.0000000000000      112.000000000000     133.000000000000
nbr.na       0.00000000000000     0.00000000000000       0.0000000000000      0.0000000000000     0.0000000000000        0.000000000000       0.000000000000
min          0.00000000000000     0.00000000000000       0.0000000000000      0.0000000000000     0.0000000000000        0.000000000000       0.000000000000
max          4.72727272727273    20.50000000000000      85.0096740722656    100.0000000000000   100.0000000000000    53812.000000000000     100.000000000000
range        4.72727272727273    20.50000000000000      85.0096740722656    100.0000000000000   100.0000000000000    53812.000000000000     100.000000000000
sum      21425.21827688293342 21316.53012613618557  146670.3501472547650 627288.6286664010258 76137.7322355099022 92049160.000000000000 1002578.126623034594
median       1.03155969823781     1.02720617872020       6.5784113407135     29.4414854049683     2.4193619489670     4117.000000000000      50.000000000000
mean         1.05376835908336     1.04842268965848       7.2137689429104     30.8522835267756     3.7447241902179     4527.304741294511      49.310354447326
SE.mean      0.00175538761965     0.00200430871686       0.0341331942896      0.0994144230807     0.0291596642748       18.234581170148       0.101204335028
CI.mean      0.00344070134836     0.00392860678032       0.0669038144633      0.1948602893810     0.0571552944005       35.741250147091       0.198368661197
var          0.06265073395509     0.08167879678916      23.6883039324466    200.9457818647986    17.2880153712103  6760388.992564209737     208.246797956984
std.dev      0.25030128636323     0.28579502582999       4.8670631732541     14.1755346235970     4.1578859257092     2600.074805186230      14.430758745020
coef.var     0.23752970394836     0.27259523153117       0.6746907492840      0.4594646814812     1.1103316865286        0.574309650833       0.292651693681
         pctYoungMale1524_2016  pctLivingAlone_2016   PublicAssist_2016         totalpop_2016     RentBurden_2016 pctYoungMale1524_2017  PctLivingAlone_2017
nbr.val    20332.0000000000000  20332.0000000000000 20332.0000000000000    20332.000000000000  20332.000000000000   20332.0000000000000  20332.0000000000000
nbr.null     122.0000000000000     48.0000000000000  2237.0000000000000      112.000000000000    144.000000000000     114.0000000000000     51.0000000000000
nbr.na         0.0000000000000      0.0000000000000     0.0000000000000        0.000000000000      0.000000000000       0.0000000000000      0.0000000000000
min            0.0000000000000      0.0000000000000     0.0000000000000        0.000000000000      0.000000000000       0.0000000000000      0.0000000000000
max           84.1593780517578    100.0000000000000   100.0000000000000    61133.000000000000    100.000000000000      85.3526229858399    100.0000000000000
range         84.1593780517578    100.0000000000000   100.0000000000000    61133.000000000000    100.000000000000      85.3526229858399    100.0000000000000
sum       144467.5483800433576 627908.5271623135777 73046.9362083338201 93151191.000000000000 987759.065272569773  141576.3563255015761 627384.0901195408078
median         6.4522674083710     29.5092411041260     2.3338861465454     4159.000000000000     49.217391967773       6.3127865791321     29.5817489624023
mean           7.1054273254005     30.8827723373162     3.5927078599417     4581.506541412552     48.581500357691       6.9632282276953     30.8569786602174
SE.mean        0.0340048481246      0.0990801823769     0.0281760896113       18.873961808619      0.100182698705       0.0338127888066      0.0981309880885
CI.mean        0.0666522456258      0.1942051506370     0.0552274087113       36.994487779782      0.196366171584       0.0662757938682      0.1923446532567
var           23.5104953786532    199.5968557998963    16.1414126681859  7242795.863269391470    204.063604671569      23.2456708935820    195.7908738179027
std.dev        4.8487622522303     14.1278751339292     4.0176376974767     2691.244296467601     14.285083292427       4.8213764521744     13.9925292144738
coef.var       0.6824026241035      0.4574678393383     1.1182756444722        0.587414701287      0.294043683033       0.6924053462729      0.4534640078847
           PublicAssist_2017        totalpop_2017     RentBurden_2017 pctYoungMale1524_2018 pctLivingAlone_2018   PublicAssist_2018         totalpop_2018
nbr.val  20332.0000000000000    20332.00000000000  20332.000000000000   20332.0000000000000  20332.000000000000 20332.0000000000000    20332.000000000000
nbr.null  2388.0000000000000      119.00000000000    114.000000000000     111.0000000000000     53.000000000000  2548.0000000000000      126.000000000000
nbr.na       0.0000000000000        0.00000000000      0.000000000000       0.0000000000000      0.000000000000     0.0000000000000        0.000000000000
min          0.0000000000000        0.00000000000      0.000000000000       0.0000000000000      0.000000000000     0.0000000000000        0.000000000000
max         55.5555572509766    65528.00000000000    100.000000000000      92.5925903320313    100.000000000000    53.4482765197754    70271.000000000000
range       55.5555572509766    65528.00000000000    100.000000000000      92.5925903320313    100.000000000000    53.4482765197754    70271.000000000000
sum      69621.3654704988003 94473501.00000000000 979551.284202158567  139509.5242828577757 627507.528326645610 66383.9751963540912 95317090.000000000000
median       2.2205755710602     4190.00000000000     48.599441528320       6.1879198551178     29.671302795410     2.0771512985230     4212.000000000000
mean         3.4242261199340     4646.54244540626     48.177812522239       6.8615740843428     30.863049789821     3.2649997637396     4688.033149714735
SE.mean      0.0270802907271       19.52570038779      0.100066221803       0.0340016561985      0.097048535721     0.0263500845140       20.209997745604
CI.mean      0.0530795544960       38.27194797320      0.196137867461       0.0666459891931      0.190222959291     0.0516482914098       39.613225999415
var         14.9103125096916  7751635.50058381818    203.589373503683      23.5060818760680    191.495280582608    14.1170556265592  8304483.588493290357
std.dev      3.8613873814591     2784.17591049557     14.268474813507       4.8483071144543     13.838181982566     3.7572670422209     2881.750091262823
coef.var     1.1276671709792        0.59919304369      0.296162778393       0.7065881756662      0.448373769825     1.1507709997251        0.614703437291
             RentBurden_2018 pctYoungMale1524_2019  pctLivingAlone_2019   PublicAssist_2019         totalpop_2019      RentBurden_2019 pctYoungMale1524_2020
nbr.val   20332.000000000000   20332.0000000000000  20332.0000000000000 20332.0000000000000    20332.000000000000  20332.0000000000000   20332.0000000000000
nbr.null    139.000000000000     123.0000000000000     65.0000000000000  2821.0000000000000      125.000000000000    137.0000000000000     241.0000000000000
nbr.na        0.000000000000       0.0000000000000      0.0000000000000     0.0000000000000        0.000000000000      0.0000000000000       0.0000000000000
min           0.000000000000       0.0000000000000      0.0000000000000     0.0000000000000        0.000000000000      0.0000000000000       0.0000000000000
max         100.000000000000     100.0000000000000    100.0000000000000    50.0000000000000    72041.000000000000    100.0000000000000     100.0000000000000
range       100.000000000000     100.0000000000000    100.0000000000000    50.0000000000000    72041.000000000000    100.0000000000000     100.0000000000000
sum      973063.796712637064  137525.7591068297625 630085.2216032148572 63522.3399354852809 96188397.000000000000 959995.5170944930287  135211.3441541232169
median       48.444807052612       6.0594060420990     29.7282419204712     1.9745302200317     4234.000000000000     47.7793045043945       5.8610718250275
mean         47.858734837332       6.7640054646287     30.9898299037584     3.1242543741632     4730.887123745820     47.2159904138547       6.6501743140922
SE.mean       0.100259313055       0.0346516349587      0.0978530567133     0.0253321173256       20.955562010537      0.0994227055355       0.0364790116654
CI.mean       0.196516341892       0.0679199999993      0.1917998853395     0.0496529935973       41.074592106213      0.1948765236605       0.0715018057659
var         204.375837798610      24.4133603935826    194.6833874379844    13.0473731318102  8928504.595836358145    200.9792658126739      27.0561643146455
std.dev      14.296007757364       4.9409877953282     13.9528988901226     3.6121147727903     2988.060340059477     14.1767156214927       5.2015540288115
coef.var      0.298712613402       0.7304825256523      0.4502412221511     1.1561525856094        0.631606770971      0.3002524250202       0.7821680730668
         pctLivingAlone_2020   PublicAssist_2020         totalpop_2020     RentBurden_2020 pctYoungMale1524_2021 pctLivingAlone_2021   PublicAssist_2021
nbr.val   20332.000000000000 20332.0000000000000    20332.000000000000  20332.000000000000   20332.0000000000000  20332.000000000000  20332.000000000000
nbr.null     93.000000000000  3862.0000000000000      250.000000000000    238.000000000000     198.0000000000000     79.000000000000    684.000000000000
nbr.na        0.000000000000     0.0000000000000        0.000000000000      0.000000000000       0.0000000000000      0.000000000000      0.000000000000
min           0.000000000000     0.0000000000000        0.000000000000      0.000000000000       0.0000000000000      0.000000000000      0.000000000000
max         100.000000000000   100.0000000000000    19704.000000000000    100.000000000000     100.0000000000000    100.000000000000    100.000000000000
range       100.000000000000   100.0000000000000    19704.000000000000    100.000000000000     100.0000000000000    100.000000000000    100.000000000000
sum      634002.149609804270 66002.6756323426962 77221830.000000000000 953574.562641650555  134393.3178009632975 638983.313587606070 331253.128744121699
median       29.646048545837     1.9950380325317     3620.000000000000     47.631303787231       5.8141443729401     29.841360092163     12.263229370117
mean         31.182478340045     3.2462460964166     3798.043970096400     46.900185060085       6.6099408715799     31.427469682648     16.292205820584
SE.mean       0.105293245462     0.0288011051797       12.384260240606      0.112958071457       0.0361058207643      0.106104282671      0.100377506308
CI.mean       0.206383255515     0.0564524896478       24.274149157359      0.221406932816       0.0707703214931      0.207972953875      0.196748010202
var         225.414124420606    16.8654684063873  3118316.841507586185    259.426680745034      26.5054111185676    228.900071465965    204.857989185386
std.dev      15.013797801376     4.1067588687902     1765.875658563645     16.106727809988       5.1483406179630     15.129443858449     14.312860971357
coef.var      0.481481864195     1.2650793398946        0.464943447856      0.343425677092       0.7788784677483      0.481408271529      0.878509707585
                 totalpop_2021     RentBurden_2021 pctYoungMale1524_2022 pctLivingAlone_2022   PublicAssist_2022         totalpop_2022     RentBurden_2022
nbr.val     20332.000000000000  20332.000000000000   20332.0000000000000  20332.000000000000 20332.0000000000000    20332.000000000000  20332.000000000000
nbr.null      248.000000000000    272.000000000000     223.0000000000000     85.000000000000  3095.0000000000000      236.000000000000    256.000000000000
nbr.na          0.000000000000      0.000000000000       0.0000000000000      0.000000000000     0.0000000000000        0.000000000000      0.000000000000
min             0.000000000000      0.000000000000       0.0000000000000      0.000000000000     0.0000000000000        0.000000000000      0.000000000000
max         27839.000000000000    100.000000000000     100.0000000000000    100.000000000000    78.9473648071289    28999.000000000000    100.000000000000
range       27839.000000000000    100.000000000000     100.0000000000000    100.000000000000    78.9473648071289    28999.000000000000    100.000000000000
sum      77715464.000000000000 958814.815181017038  137245.0527130439878 643805.158890426275 72343.8534534946230 77754672.000000000000 968067.339333504555
median       3639.000000000000     47.771932601929       5.9504506587982     30.091012954712     2.3396373987198     3636.000000000000     48.184257507324
mean         3822.322644107810     47.157919298693       6.7501993268269     31.664625166753     3.5581277519917     3824.251032854614     47.612991310914
SE.mean        12.676682817506      0.114868492129       0.0375355893223      0.106548917423     0.0291650334614       12.807819285606      0.114511685127
CI.mean        24.847320998935      0.225151511455       0.0735727832117      0.208844473860     0.0571658184395       25.104359055692      0.224452140945
var       3267317.576481956057    268.276073480373      28.6461709100941    230.822523120878    17.2943824627922  3335266.055025739595    266.612012053368
std.dev      1807.572288037730     16.379135309300       5.3522117773958     15.192844471029     4.1586515197588     1826.271079283067     16.328258083867
coef.var        0.472898929876      0.347325233023       0.7928968491530      0.479804968195     1.1687752125907        0.477549999619      0.342937035341
               GunS_Open_2015      GunS_Closed_2015        GunS_Open_2016      GunS_Closed_2016        GunS_Open_2017     GunS_Closed_2017       GunS_Open_2018
nbr.val  20332.00000000000000 20332.000000000000000 20332.000000000000000 20332.000000000000000 20332.000000000000000 20332.00000000000000 20332.00000000000000
nbr.null 19375.00000000000000 20174.000000000000000 20120.000000000000000 20116.000000000000000 20089.000000000000000 19680.00000000000000 19714.00000000000000
nbr.na       0.00000000000000     0.000000000000000     0.000000000000000     0.000000000000000     0.000000000000000     0.00000000000000     0.00000000000000
min          0.00000000000000     0.000000000000000     0.000000000000000     0.000000000000000     0.000000000000000     0.00000000000000     0.00000000000000
max          1.00000000000000     1.000000000000000     1.000000000000000     1.000000000000000     1.000000000000000     1.00000000000000     1.00000000000000
range        1.00000000000000     1.000000000000000     1.000000000000000     1.000000000000000     1.000000000000000     1.00000000000000     1.00000000000000
sum        957.00000000000000   158.000000000000000   212.000000000000000   216.000000000000000   243.000000000000000   652.00000000000000   618.00000000000000
median       0.00000000000000     0.000000000000000     0.000000000000000     0.000000000000000     0.000000000000000     0.00000000000000     0.00000000000000
mean         0.04706866024002     0.007771001377139     0.010426913240212     0.010623647452292     0.011951603383828     0.03206767656896     0.03039543576628
SE.mean      0.00148531084911     0.000615836010774     0.000712397599588     0.000719015442317     0.000762119063236     0.00123559708117     0.00120398795581
CI.mean      0.00291132908998     0.001207088262971     0.001396356767040     0.001409328272676     0.001493814847011     0.00242186995944     0.00235991352371
var          0.04485540761154     0.007710992168728     0.010318700230833     0.010511302550308     0.011809343385851     0.03104086738857     0.02947300283786
std.dev      0.21179095261966     0.087812255230851     0.101581003297041     0.102524643624387     0.108670802821414     0.17618418597755     0.17167703060647
coef.var     4.49961718773561    11.299992236415607     9.742193202997347     9.650606732273362     9.092571041008194     5.49413630260047     5.64811874804334
              GunS_Closed_2018        GunS_Open_2019      GunS_Closed_2019       GunS_Open_2020     GunS_Closed_2020       GunS_Open_2021     GunS_Closed_2021
nbr.val  20332.000000000000000 20332.000000000000000 20332.000000000000000 20332.00000000000000 20332.00000000000000 20332.00000000000000 20332.00000000000000
nbr.null 20075.000000000000000 20128.000000000000000 20087.000000000000000 19640.00000000000000 17792.00000000000000 17859.00000000000000 19634.00000000000000
nbr.na       0.000000000000000     0.000000000000000     0.000000000000000     0.00000000000000     0.00000000000000     0.00000000000000     0.00000000000000
min          0.000000000000000     0.000000000000000     0.000000000000000     0.00000000000000     0.00000000000000     0.00000000000000     0.00000000000000
max          1.000000000000000     1.000000000000000     1.000000000000000     1.00000000000000     1.00000000000000     1.00000000000000     1.00000000000000
range        1.000000000000000     1.000000000000000     1.000000000000000     1.00000000000000     1.00000000000000     1.00000000000000     1.00000000000000
sum        257.000000000000000   204.000000000000000   245.000000000000000   692.00000000000000  2540.00000000000000  2473.00000000000000   698.00000000000000
median       0.000000000000000     0.000000000000000     0.000000000000000     0.00000000000000     0.00000000000000     0.00000000000000     0.00000000000000
mean         0.012640173126107     0.010033444816054     0.012049970489868     0.03403501868975     0.12492622467047     0.12163092661814     0.03433012000787
SE.mean      0.000783492543117     0.000698965796624     0.000765210834941     0.00127164040220     0.00231883460037     0.00229235120561     0.00127694629813
CI.mean      0.001535708591857     0.001370029349634     0.001499874968976     0.00249251777642     0.00454510288601     0.00449319329577     0.00250291776050
var          0.012481013010014     0.009933263354362     0.011905354248683     0.03287825326185     0.10932504005396     0.10684209918220     0.03315319345996
std.dev      0.111718454205265     0.099665758183850     0.109111659545089     0.18132361473854     0.33064337291704     0.32686709712389     0.18208018414963
coef.var     8.838364244752684     9.933353898990337     9.054931681105097     5.32756031049715     2.64670907801153     2.68736830518521     5.30380272798032
               GunS_Open_2022      GunS_Closed_2022
nbr.val  20332.00000000000000 20332.000000000000000
nbr.null 20054.00000000000000 20088.000000000000000
nbr.na       0.00000000000000     0.000000000000000
min          0.00000000000000     0.000000000000000
max          1.00000000000000     1.000000000000000
range        1.00000000000000     1.000000000000000
sum        278.00000000000000   244.000000000000000
median       0.00000000000000     0.000000000000000
mean         0.01367302773952     0.012000786936848
SE.mean      0.00081444813294     0.000763666591656
CI.mean      0.00159638404522     0.001496848127558
var          0.01348673937772     0.011857351236408
std.dev      0.11613242173364     0.108891465397468
coef.var     8.49354100247594     9.073693747792266
