                     geoid_2020                  Year year               prowhite               problack            prohispanic          f_m_sexratio
nbr.val       1.42324000000e+05 142324.00000000000000   NA 142324.000000000000000 142324.000000000000000 142324.000000000000000 142324.00000000000000
nbr.null      0.00000000000e+00      0.00000000000000   NA   1276.000000000000000   5667.000000000000000   2854.000000000000000    289.00000000000000
nbr.na        0.00000000000e+00      0.00000000000000   NA      0.000000000000000      0.000000000000000      0.000000000000000      0.00000000000000
min          5.30132487394e-315      1.00000000000000   NA      0.000000000000000      0.000000000000000      0.000000000000000      0.00000000000000
max          2.72131258916e-313      7.00000000000000   NA      1.000000000000000      1.000000000000000      1.000000000000000      9.25000000000000
range        2.66829934042e-313      6.00000000000000   NA      1.000000000000000      1.000000000000000      1.000000000000000      9.25000000000000
sum          1.94020805477e-308 569296.00000000000000   NA  58158.886738134933694  29759.266119612482726  36351.069447738736926 150393.97813542647054
median       1.58115845012e-313      4.00000000000000   NA      0.396441754855569      0.081587343541725      0.151435343692389      1.04315618106730
mean         1.36323322474e-313      4.00000000000000   NA      0.408637241351669      0.209095206146627      0.255410678787406      1.05670145678471
SE.mean       0.00000000000e+00      0.00530142291394   NA      0.000769751304257      0.000721802520144      0.000681401189111      0.00059554913541
CI.mean.0.95  0.00000000000e+00      0.01039068634417   NA      0.001508697663889      0.001414718974697      0.001335533147521      0.00116726478326
var           0.00000000000e+00      4.00002810508491   NA      0.084329399528368      0.074150644324776      0.066082112090236      0.05047930164401
std.dev       0.00000000000e+00      2.00000702625889   NA      0.290395247082950      0.272306159175249      0.257064412337133      0.22467599258490
coef.var      0.00000000000e+00      0.50000175656472   NA      0.710643127196130      1.302307040862027      1.006474801905615      0.21262012192974
                 pctYoungMale1524        pctLivingAlone         PublicAssist              totalpop            RentBurden                  CDIS
nbr.val      142324.0000000000000  142324.0000000000000 142324.0000000000000    142324.00000000000  142324.0000000000000  142324.0000000000000
nbr.null       1026.0000000000000     438.0000000000000  16746.0000000000000      1092.00000000000    1177.0000000000000     727.0000000000000
nbr.na            0.0000000000000       0.0000000000000      0.0000000000000         0.00000000000       0.0000000000000       0.0000000000000
min               0.0000000000000       0.0000000000000      0.0000000000000         0.00000000000       0.0000000000000       0.0000000000000
max             100.0000000000000     100.0000000000000    100.0000000000000     72041.00000000000     100.0000000000000      67.3333333333334
range           100.0000000000000     100.0000000000000    100.0000000000000     72041.00000000000     100.0000000000000      67.3333333333334
sum          979354.2001975737512 4413159.4590755254030 745968.1534226462245 626116633.00000000000 6815337.1677275598049 1795125.6027908639517
median            6.1956107616425      29.6257886886597      2.6070141792297      4002.00000000000      48.4931488037109      10.8605117797851
mean              6.8811598900928      31.0078374629404      5.2413377464282      4399.23437368258      47.8860709910315      12.6129507517415
SE.mean           0.0131480828813       0.0379794610729      0.0210146130061         6.82229286385       0.0394874761977       0.0202802896950
CI.mean.0.95      0.0257699880701       0.0744390089104      0.0411882349202        13.37156202156       0.0773946893793       0.0397489754375
var              24.6038464054126     205.2937541870144     62.8522652142687   6624282.70094782300     221.9202307492096      58.5364593248510
std.dev           4.9602264469894      14.3280757321775      7.9279420541695      2573.76819098920      14.8969873044589       7.6509123197728
coef.var          0.7208416206301       0.4620791678653      1.5125798866085         0.58504911818       0.3110922862569       0.6065917857260
                        total15_22            total16_22         GunS_Open15_22         GunS_Open15_21       GunS_Closed15_22       GunS_Closed15_21
nbr.val      142324.00000000000000 142324.00000000000000 142324.000000000000000 142324.000000000000000 142324.000000000000000 142324.000000000000000
nbr.null      97492.00000000000000  95407.00000000000000 136925.000000000000000 136925.000000000000000 137558.000000000000000 137558.000000000000000
nbr.na            0.00000000000000      0.00000000000000      0.000000000000000      0.000000000000000      0.000000000000000      0.000000000000000
min               0.00000000000000      0.00000000000000      0.000000000000000      0.000000000000000      0.000000000000000      0.000000000000000
max             107.00000000000000    107.00000000000000      1.000000000000000      1.000000000000000      1.000000000000000      1.000000000000000
range           107.00000000000000    107.00000000000000      1.000000000000000      1.000000000000000      1.000000000000000      1.000000000000000
sum          149493.00000000000000 160502.00000000000000   5399.000000000000000   5399.000000000000000   4766.000000000000000   4766.000000000000000
median            0.00000000000000      0.00000000000000      0.000000000000000      0.000000000000000      0.000000000000000      0.000000000000000
mean              1.05037098451421      1.12772266097074      0.037934571822040      0.037934571822040      0.033486973384672      0.033486973384672
SE.mean           0.00704239499528      0.00735142264118      0.000506386772377      0.000506386772377      0.000476874675301      0.000476874675301
CI.mean.0.95      0.01380295794084      0.01440864614802      0.000992508276743      0.000992508276743      0.000934665137448      0.000934665137448
var               7.05860535831888      7.69167497501369      0.036495796510282      0.036495796510282      0.032365823407662      0.032365823407662
std.dev           2.65680359799494      2.77338691404818      0.191038730393294      0.191038730393294      0.179905039972931      0.179905039972931
coef.var          2.52939545852336      2.45928100057939      5.036005976013178      5.036005976013178      5.372388776564711      5.372388776564711
                   ContiguityWeight   storesin5mileradius           total17_22            total18_22
nbr.val      142310.000000000000000  142324.0000000000000 121992.0000000000000 101660.00000000000000
nbr.null      55524.000000000000000   27650.0000000000000  80983.0000000000000  66636.00000000000000
nbr.na           14.000000000000000       0.0000000000000  20332.0000000000000  40664.00000000000000
min               0.000000000000000       0.0000000000000      0.0000000000000      0.00000000000000
max               3.727272748947140      95.0000000000000     76.0000000000000     76.00000000000000
range             3.727272748947140      95.0000000000000     76.0000000000000     76.00000000000000
sum           30087.474962354637682 1626478.0000000000000 141290.0000000000000 122361.00000000000000
median            0.090909093618393       6.0000000000000      0.0000000000000      0.00000000000000
mean              0.211422071269444      11.4279952783789      1.1581907010296      1.20362974621287
SE.mean           0.000762837439154       0.0354455127743      0.0080171164305      0.00900763391263
CI.mean.0.95      0.001495146623301       0.0694725192698      0.0157134153683      0.01765484825546
var               0.082813171614824     178.8136499062894      7.8409328216961      8.24843506845088
std.dev           0.287772777751518      13.3721221167879      2.8001665703483      2.87200889073326
coef.var          1.361129308892111       1.1701196746281      2.4177076951655      2.38612322416410
